6592490
6595475
6593598
6595573
6593415
5770221
6593294
6595390
6593697
6595745
6592505
6595669
6593455
6595669
6593434
6594733
6593488
6595607
6593387
6595355
6592592
6595616
6593231
6595655
6593408
6594770
6593146
6595416
6593162
6595503
6592977
6594894
6593350
6595344
6593175
6595446
6592527
6595186
6593070
6595723
6593500
6595245
6593484
6595645
6593378
6595656
6593748
6595565
6593855
6595933
6593476
6595488
6592763
6595823
6593510
6595721
6593469
6595113
6593365
6561710
6567329
6618310
6590235
6594074
6593994
6595712
6596752
6596232
6596540
6598313
6597820
6598376
6598052
6599265
6598737
6599583
6599125
6600428
6598962
6600557
6600101
6601163
6599826
6601022
6600043
6602057
6602299
6603251
6601081
6602684
6602324
6602818
6602282
6603479
6603075
6603732
6604048
6604410
6603840
6605178
6603950
6603936
6603649
6604419
6604271
6604458
6604210
6604314
6603559
6604687
6603632
6604306
6603629
6604494
6603716
6604630
6604306
6606211
6603761
6604984
6604553
6604916
6604607
6605534
6604327
6604773
6604028
6605000
6604345
6605172
6610031
6610269
6606582
6608719
6604536
6605762
6602549
6605626
6602348
6604223
6601427
6602498
6601058
6603027
6600469
6602403
6599301
6601970
6599631
6601896
6599488
6601099
6599401
6601578
6599160
6600971
6598229
6600814
6598362
6600555
6598291
6600284
6508467
6533686
6533483
6534660
6533384
6532191
6533683
6535102
6532776
6534085
6533002
6533005
6532246
6535525
6533428
6533917
6532815
6535680
6534910
6534691
6534120
6533180
6533728
6534422
6532850
6534798
6533309
6534215
6533893
6533924
6533280
6533815
6533873
6533576
6534020
6535310
6534019
6534600
6533802
6534486
6534321
6534347
6533382
6534332
6534119
6534569
6534392
6533691
6533909
6534273
6534067
6534227
6534896
6533808
6532462
6535080
6533484
6533314
6534375
6533054
6534657
6534004
6534109
6534837
6533860
6533436
6535067
6534312
6533257
6533583
6533709
6535371
6534453
6533196
6534733
6534114
6534338
6535042
6534225
6533807
6532829
6534220
6533344
6534909
6534084
6534821
6532555
6534238
6532824
6533822
6534482
6534220
6533734
6533803
6602793
6608676
6605641
6607406
6604992
6606158
6604300
6606381
6603979
6605934
6602375
6605485
6603108
6605063
6602873
6604529
6602233
6604275
6601987
6604167
6601801
6603097
6601632
6603551
6601091
6603453
6600358
6603241
6600770
6602912
6600636
6601826
6599968
6602452
6600034
6601912
6599302
6601353
6599644
6601485
6599508
6576261
6521121
6532081
