6592490
6595475
6593598
6595573
6593415
5770221
6593294
6595390
6593697
6595745
6592505
6595669
6593455
6595669
6593434
6594733
6593488
6595607
6593387
6595355
6592592
6595616
6593231
6595655
6593408
6594770
6593146
6595416
6593162
6595503
6592977
6594894
6593350
6595344
6593175
6595446
6592527
6595186
6593070
6595723
6593500
6595245
6593484
6595645
6593378
6595656
6593748
6595565
6593855
6595933
6593476
6595488
6592763
6595823
6593510
6595721
6593469
6595113
6593365
6561710
6567329
6618310
6590235
6594074
6593994
6595712
6596752
6596232
6596540
6598313
6597820
6598376
6598052
6599265
6598737
6599583
6599125
6600428
6598962
6600557
6600101
6601163
6599826
6601022
6600043
6602057
6602299
6603251
6601081
6602684
6602324
6602818
6602282
6603479
6603075
6603732
6604048
6604410
6603840
6605178
6603950
6603936
6603649
6604419
6604271
6604458
6604210
6604314
6603559
6604687
6603632
6604306
6603629
6604494
6603716
6604630
6604306
6606211
6603761
6604984
6604553
6604916
6604607
6605534
6604327
6604773
6604028
6605000
6604345
6605172
6610031
6610269
6606582
6608719
6604536
6605762
6602549
6605626
6602348
6604223
6601427
6602498
6601058
6603027
6600469
6602403
6599301
6601970
6599631
6601896
6599488
6601099
6599401
6601578
6599160
6600971
6598229
6600814
6598362
6600555
6598291
6600284
6508467
6533686
6533483
6534660
6533384
6532191
6533683
6535102
6532776
6534085
6533002
6533005
6532246
6535525
6533428
6533917
6532815
6535680
6534910
6534691
6534120
6533180
6533728
6534422
6532850
6534798
6533309
6534215
6533893
6533924
6533280
6533815
6533873
6533576
6534020
6535310
6534019
6534600
6533802
6534486
6534321
6534347
6533382
6534332
6534119
6534569
6534392
6533691
6533909
6534273
6534067
6534227
6534896
6533808
6532462
6535080
6533484
6533314
6534375
6533054
6534657
6534004
6534109
6534837
6533860
6533436
6535067
6534312
6533257
6533583
6533709
6535371
6534453
6533196
6534733
6534114
6534338
6535042
6534225
6533807
6532829
6534220
6533344
6534909
6534084
6534821
6532555
6534238
6532824
6533822
6534482
6534220
6533734
6533803
6602793
6608676
6605641
6607406
6604992
6606158
6604300
6606381
6603979
6605934
6602375
6605485
6603108
6605063
6602873
6604529
6602233
6604275
6601987
6604167
6601801
6603097
6601632
6603551
6601091
6603453
6600358
6603241
6600770
6602912
6600636
6601826
6599968
6602452
6600034
6601912
6599302
6601353
6599644
6601485
6599508
6576261
6521121
6532081
6532345
6533003
6533326
6571766
6620507
6592116
6598331
6600483
6600079
6601030
6600630
6601973
6600936
6602721
6602144
6602593
6602184
6603220
6601950
6602983
6602603
6604099
6602955
6605060
6603516
6605331
6604052
6604616
6604547
6605711
6603914
6605025
6604712
6605164
6604800
6606108
6605531
6605697
6605256
6606414
6605332
6606377
6605677
6606639
6605935
6606674
6605802
6606373
6606445
6606881
6605613
6606546
6605433
6606087
6604778
6606154
6606143
6606993
6606766
6607222
6605778
6607568
6605365
6606613
6605971
6606545
6605438
6606261
6606166
6606891
6605882
6606428
6606201
6606907
6605276
6606862
6605124
6607337
6605626
6606977
6605262
6606559
6606043
6607796
6606543
6606799
6606148
6606954
6606835
6607257
6606032
6606071
6606165
6606885
6606323
6606650
6605939
6606732
6606507
6608012
6606609
6607388
6606533
6607752
6606714
6607328
6606235
6606418
6605368
6607283
6606045
6607013
6605450
6607374
6606434
6607631
6605698
6606807
6605274
6606521
6606888
6606444
6605866
6606448
6606659
6607157
6606352
6606859
6605725
6607095
6606688
6606949
6606307
6607370
6606353
6606809
6606947
6607214
6605530
6606755
6605367
6606984
6605216
6606697
6605987
6607190
6606111
6607588
6606136
6607272
6606688
6607654
6606665
6607749
6605754
6607289
6605611
6607631
6606115
6607460
6605745
6607405
6606005
6608010
6606723
6607671
6607053
6607712
6606717
6606840
6606459
6608090
6607159
6607377
6606473
6607716
6606387
6608609
6606485
6607914
6606660
6607012
6606429
6606817
6606291
6607480
6606681
6607579
6606785
6607592
6606228
6607238
6606344
6608108
6606468
6607658
6606275
6607932
6606328
6607777
6606691
6607794
6607028
6607644
6607199
6608053
6606664
6607185
6607056
6608125
6607151
6608783
6606975
6608338
6606587
6608995
6607203
6607835
6607723
6608597
6607194
6608490
6607550
6608242
6607708
6608450
6607789
6607972
6606866
6609066
6607760
6608750
6607820
6608035
6607717
6608762
6608230
6608696
6607004
6608876
6607642
6608448
6607758
6608403
6607185
6608649
6607801
6608493
6607539
6608707
6607329
6608780
6607271
6608487
6606820
6608721
6607687
6608806
6606901
6607549
6607967
6608256
6607697
6608454
6608230
6608351
6608336
6608418
6607507
6608621
6607727
6608069
6607575
6608287
6607338
6608320
6607136
6608396
6607702
6608226
6608015
6607839
6606706
6607865
6607480
6607931
6607362
6607999
6607330
6608201
6606244
6607642
6607190
6608204
6607317
6608183
6606608
6608353
6607544
6609174
6607385
6608488
6606957
6608706
6607246
6608546
6607266
6608176
6607622
6608243
6607832
6608939
6607593
6608630
6607154
6608868
6608001
6608166
6608785
6608609
6607766
6608771
6607739
6608618
6607832
6608963
6607231
6608279
6607137
6608474
6607583
6608495
6607211
6608988
6607191
6608671
6607767
6608878
6607776
6608689
6607714
6609129
6607895
6608430
6607698
6608998
6608252
6609620
6607450
6608808
6607720
6609070
6608526
6609257
6607990
6609289
6607461
6608801
6608242
6609495
6608755
6608585
6608373
6609094
6607269
6609014
6608544
6609251
6608661
6609406
6608251
6609143
6608127
6609219
6607806
6609684
6607875
6609158
6607830
6610228
6608375
6610162
6608489
6609245
6608214
6609910
6608489
6609346
6608287
6609156
6607825
6609637
6608741
6609658
6608169
6609722
6609224
6610020
6609154
6609680
6608287
6610042
6608857
6610347
6609045
6609652
6607805
6608822
6608443
6608901
6607533
6609660
6608663
6609439
6609168
6609775
6607926
6609234
6608801
6609528
6609039
6609811
6608884
6608701
6608814
6609174
6608470
6609968
6608702
6609194
6609056
6609285
6607976
6609021
6608630
6609512
6608346
6609176
6609243
6609613
6608347
6610222
6608631
6609341
6607924
6610491
6608664
6609304
6609108
6610283
6608468
6609796
6608670
6609588
6608408
6609464
6608855
6609524
6609212
6609762
6608997
6609881
6608666
6609079
6608744
6609796
6608710
6609814
6608430
6609863
6608827
6609728
6608182
6610375
6608139
6609976
6608474
6609386
6608901
6608609
6608900
6609285
6608556
6609387
6607998
6608961
6608733
6609098
6608364
6608574
6607504
6608354
6608628
6609145
6608435
6609604
6608415
6609374
6608785
6608957
6607043
6608899
6608063
6608971
6607831
6607943
6608106
6609107
6608280
6608350
6607670
6609340
6608371
6608449
6608399
6608786
6607998
6608559
6608628
6608767
6608173
6608586
6607618
6608527
6608309
6609666
6607098
6609131
6608056
6608079
6607973
6607996
6607446
6609406
6608187
6609328
6607371
6608705
6607567
6608319
6606996
6608462
6608596
6608809
6607874
6608398
6608140
6607620
6607314
6608404
6606708
6608388
6607178
6609302
6607445
6608550
6607503
6608286
6607147
6608474
6607260
6609038
6607515
6608702
6607356
6608508
6607455
6608002
6606502
6607695
6606919
6608063
6607197
6607774
6607022
6607488
6606575
6607738
6607294
6608829
6607014
6607549
6606879
6607983
6607296
6608492
6607003
6608167
6606895
6607701
6606701
6606737
6606883
6607689
6606864
6607782
6606944
6608342
6607381
6608490
6607168
6607778
6607068
6607981
6607521
6607640
6607142
6607954
6606585
6607541
6606384
6608424
6606787
6608176
6606701
6607188
6606415
6607622
6607055
6608196
6607475
6608181
6606314
6607729
6606815
6607851
6606826
6607608
6606730
6607846
6607049
6608417
6607022
6606953
6606098
6607978
6606881
6608020
6607469
6607558
6607197
6607970
6606484
6607949
6606614
6608031
6606728
6608012
6607176
6608046
6606953
6608235
6606806
6607779
6606756
6607982
6607585
6607980
6606642
6608670
6606501
6608238
6606882
6607812
6607502
6608421
6607794
6607503
6607448
6607969
6606641
6607742
6606352
6608359
6607152
6608020
6607155
6607593
6607120
6608788
6607859
6608173
6607213
6607877
6607343
6608544
6607367
6607939
6607842
6609077
6607854
6609016
6609119
6608773
6607484
6609219
6608617
6608327
6607435
6608166
6606837
6607631
6606802
6607964
6606945
6608049
6607026
6608128
6608008
6607428
6607360
6608555
6607357
6608347
6607193
6608339
6607959
6608279
6608068
6608137
6607201
6608571
6608152
6609349
6608065
6608890
6607459
6609198
6607641
6609131
6607386
6608999
6608089
6608871
6607912
6608352
6607983
6608852
6607825
6609646
6606895
6608660
6607330
6608823
6606884
6607737
6606669
6609062
6607768
6608895
6607924
6608845
6608263
6608152
6607616
6608873
6608567
6608867
6607830
6609379
6607862
6608339
6608046
6609151
6608516
6608493
6608244
6608929
6608333
6608270
6607766
6609147
6608407
6608180
6608718
6609162
6608190
6608414
6607360
6609070
6608316
6610025
6609167
6609589
6607999
6610035
6608319
6608868
6608502
6609218
6608663
6609824
6608192
6609489
6608960
6609595
6608492
6609630
6608328
6610055
6609266
6610314
6609223
6609874
6609126
6610229
6608583
6609890
6608404
6609935
6609816
6609818
6608780
6609703
6608524
6609594
6608661
6609273
6609192
6609682
6608604
6609728
6608654
6609258
6608553
6609560
6608401
6609698
6608713
6609181
6607783
6609873
6608079
6609217
6608373
6609435
6607864
6609542
6608774
6609741
6608380
6609124
6608591
6609216
6608459
6610132
6608476
6609738
6609083
6609433
6608704
6609043
6609369
6609920
6608486
6608875
6609069
6609470
6608622
6609685
6608734
6609425
6608682
6610160
6608645
6610067
6608799
6609360
6608504
6609007
6608622
6608824
6608497
6608600
6608878
6608532
6608694
6608718
6608074
6608804
6607746
6608049
6608440
6609584
6607620
6608393
6608890
6609641
6609102
6609938
6608824
6609999
6608686
6609521
6608942
6609046
6609012
6609716
6608643
6608940
6608468
6609236
6608631
6609432
6608449
6609628
6608618
6609633
6607379
6609173
6608341
6609271
6608206
6609447
6609005
6608595
6608615
6609611
6608260
6610066
6607960
6608965
6608448
6609624
6608248
6609542
6607956
6608648
6608053
6608575
6608045
6609380
6607954
6609750
6607986
6609821
6609084
6609296
6608564
6608848
6608167
6608783
6608455
6610019
6608846
6609204
6609069
6609760
6608396
6609023
6608072
6610509
6608696
6608821
6608468
6608706
6608378
6609625
6607925
6609427
6608270
6609452
6608580
6609392
6608390
6609811
6608645
6609975
6608581
6609370
6608408
6609378
6608440
6609312
6608871
6608530
6608656
6609118
6608427
6609673
6608136
6609246
6608832
6609768
6608238
6609397
6607715
6610019
6608802
6608917
6608166
6608424
6608100
6609317
6608310
6609432
6608211
6609852
6608867
6609343
6608312
6609663
6607191
6609134
6607817
6608852
6608160
6608861
6608319
6608665
6607860
6608475
6607740
6608894
6607486
6609444
6608430
6609337
6609174
6609619
6607655
6608509
6607822
6608154
6608035
6608888
6608273
6608133
6607338
6609070
6607746
6610107
6607376
6608574
6608052
6608306
6607803
6609551
6608787
6609002
6607389
6608815
6607107
6608946
6607594
6608975
6607798
6608381
6607655
6608750
6607247
6609047
6606899
6608151
6607308
6609010
6608678
6609551
6608731
6607774
6607552
6608725
6607151
6608560
6607502
6608912
6607596
6608805
6608285
6608697
6607491
6608288
6607428
6608726
6607602
6608397
6607959
6608885
6607329
6608283
6606145
6607843
6607375
6607882
6607444
6608284
6606834
6608207
6607679
6608193
6607410
6607509
6608088
6609216
6608027
6609063
6607360
6609079
6607264
6608678
6607538
6607605
6607475
6608714
6608005
6607720
6607269
6607853
6607699
6607494
6606837
6608563
6607264
6607723
6607489
6607856
6606196
6606794
6606661
6607827
6606996
6607633
6606966
6609392
6607136
6607695
6607552
6609285
6607207
6608186
6608457
6608409
6607601
6607824
6607897
6609065
6607287
6608626
6607022
6608378
6606949
6608517
6607537
6608186
6607540
6608334
6607056
6608279
6606663
6607967
6607407
6608499
6607503
6609088
6606687
6608183
6606839
6607796
6607466
6608342
6607296
6607996
6606877
6608194
6606354
6608510
6606430
6608383
6607886
6607986
6607619
6608246
6607293
6608516
6607850
6608407
6608135
6608229
6607528
6609834
6607490
6608656
6608366
6608338
6608037
6608779
6608121
6609842
6607194
6609191
6607426
6609524
6608668
6609050
6608494
6609150
6607956
6608949
6608109
6609489
6608083
6608932
6608292
6609330
6608135
6609067
6608020
6609053
6609036
6609099
6609177
6608909
6608701
6609538
6608046
6609327
6607885
6609132
6607933
6608749
6607863
6608857
6607965
6609157
6608332
6608933
6607647
6608428
6608009
6609248
6608051
6607984
6607350
6608744
6607590
6608363
6608349
6608524
6607920
6608967
6608679
6609506
6607795
6609086
6608534
6608678
6607863
6609130
6607397
6608813
6607928
6609865
6608286
6609625
6608824
6610029
6608447
6608537
6607671
6609121
6608967
6609728
6608167
6608218
6607645
6608994
6608734
6609463
6608053
6608487
6608195
6609078
6608418
6609167
6607833
6608937
6607975
6608770
6607965
6608362
6608569
6609035
6608418
6608501
6608382
6609307
6608466
6608632
6607283
6608781
6608191
6608973
6607574
6609103
6607406
6608333
6608361
6609313
6608177
6608927
6607566
6609024
6607993
6608926
6607895
6607965
6607822
6608923
6607187
6608644
6607344
6608519
6607638
6608729
6607410
6608095
6607490
6608551
6606849
6608561
6607434
6607649
6607855
6608705
6607433
6607660
6607354
6608376
6607382
6607696
6606961
6608281
6607209
6608924
6607585
6608955
6606740
6608662
6607230
6609027
6607840
6608626
6607042
6608239
6608374
6607627
6607991
6607963
6607624
6608434
6607280
6608302
6607346
6607585
6608159
6608261
6607245
6608279
6606346
6608188
6607668
6608127
6606916
6607926
6608037
6608572
6608235
6608059
6606884
6608859
6607764
6608601
6607734
6608569
6607182
6608240
6607487
6608325
6607518
6608743
6607835
6606810
6606807
6608560
6607283
6608017
6607338
6608297
6607328
6608216
6607772
6608569
6607461
6608392
6607070
6608936
6607313
6608498
6607047
6608588
6607921
6608463
6606692
6607403
6607923
6608232
6607694
6608130
6606769
6607876
6606378
6607925
6606609
6608119
6607590
6606887
6605954
6607748
6607268
6607712
6606197
6608630
6607170
6608173
6606410
6607874
6606427
6607264
6606131
6606929
6606648
6606446
6606529
6607598
6606863
6607345
6606085
6607547
6606514
6607953
6606738
6607652
6606115
6606567
6606998
6607411
6607065
6607357
6606048
6607471
6607078
6607231
6606259
6607638
6606525
6607741
6606641
6606948
6606391
6606994
6606722
6607464
6606179
6607518
6606779
6607369
6606608
6607324
6606150
6606885
6606855
6606490
6605925
6606679
6605749
6606584
6605757
6607086
6606653
6607226
6606689
6607382
6606158
6607201
6605575
6606756
6606465
6607248
6606274
6607134
6606860
6608148
6606196
6607157
6606061
6607167
6605972
6607327
6605683
6606854
6605980
6607897
6606301
6606910
6605242
6606821
6605586
6606959
6605988
6606819
6606196
6606958
6605886
6607336
6606172
6608226
6606204
6607418
6606688
6607386
6606535
6607204
6606257
6607529
6606258
6606996
6606461
6607323
6606235
6607398
6606084
6607533
6606870
6607993
6607006
6607460
6606329
6606636
6606325
6606347
6606449
6607382
6606684
6607858
6605911
6607566
6605992
6607419
6605880
6607972
6607459
6607350
6606698
6607083
6606962
6608037
6605948
6607369
6606433
6607727
6606994
6606721
6607026
6607700
6606436
6608294
6606728
6607464
6606292
6607746
6606858
6607135
6606828
6606867
6606497
6607583
6606734
6607610
6607242
6608105
6607495
6608284
6607045
6608584
6606650
6607458
6606272
6607551
6607541
6607349
6607873
6607775
6607265
6608210
6607310
6608440
6607180
6608678
6608535
6608803
6607735
6608997
6606832
6607115
6606847
6607668
6606596
6608010
6606700
6607824
6607054
6607343
6607618
6608744
6607172
6608813
6607262
6607801
6607400
6608053
6607389
6607875
6606192
6608241
6606784
6608454
6607389
6609585
6607190
6607749
6607219
6608892
6606961
6607912
6607459
6608099
6606580
6608117
6607334
6608121
6607032
6608020
6607671
6607821
6606744
6607681
6607261
6607890
6606770
6608326
6606886
6608885
6607350
6608296
6606360
6608527
6606717
6608232
6607415
6608389
6607389
6607110
6606736
6608517
6607095
6607702
6606239
6607291
6606214
6608605
6607326
6607525
6606701
6608600
6607923
6608305
6606765
6608936
6608110
6607657
6607175
6608104
6606755
6608015
6607405
6608287
6607276
6607575
6607179
6608097
6607235
6608322
6606431
6607891
6606666
6608384
6607116
6607712
6607857
6607930
6607793
6608404
6607519
6607433
6606671
6608780
6607634
6608386
6607906
6608173
6607384
6608097
6606850
6606985
6607519
6607939
6607116
6607440
6606955
6608213
6607374
6608443
6607737
6608633
6607197
6608312
6607913
6607836
6607705
6606976
6607695
6608859
6607367
6608088
6606612
6607853
6606916
6608130
6606902
6608204
6607272
6608407
6607186
6608374
6606616
6607848
6607206
6607117
6606683
6608432
6606430
6607182
6606665
6607389
6606664
6607853
6607288
6607717
6606523
6606683
6606429
6607684
6606409
6606904
6606208
6607165
6606497
6607601
6606357
6607772
6606335
6607771
6606642
6607448
6606381
6607466
6606016
6607987
6607011
6607635
6607506
6607325
6606559
6607406
6606935
6607917
6606464
6607635
6606314
6607638
6607295
6607663
6606863
6607626
6606610
6608261
6606559
6607823
6606791
6607306
6606587
6607041
6606077
6607424
6606204
6608215
6607376
6607054
6607239
6607642
6606594
6607955
6606487
6607624
6606892
6608210
6606108
6607122
6606446
6606977
6606585
6607658
6606085
6606985
6605790
6607338
6607112
6607090
6606247
6607200
6606646
6607010
6606171
6606532
6607099
6607659
6606239
6606633
6606518
6606373
6606211
6607405
6606134
6607110
6605631
6607521
6606387
6606689
6606952
6606687
6607435
6606897
6605628
6606940
6605177
6606821
6605905
6606761
6605722
6606358
6605765
6606531
6605730
6606903
6605641
6606697
6606204
6607087
6605898
6607505
6605660
6607716
6606565
6607608
6606101
6607162
6607378
6607783
6606352
6606803
6605981
6607296
6606085
6606975
6605638
6607292
6605178
6607281
6605735
6606903
6605666
6606592
6605565
6606827
6606274
6606812
6605926
6606863
6606040
6606755
6605991
6606676
6605615
6607763
6607104
6607040
6605725
6607377
6606727
6607514
6606169
6607169
6605875
6608147
6606099
6607872
6606001
6607435
6607048
6607159
6606664
6608064
6606168
6607001
6607192
6607289
6606585
6608247
6607297
6608101
6607598
6608268
6607128
6608249
6607086
6607724
6606145
6607415
6607119
6606993
6607183
6608022
6607113
6607952
6607125
6607507
6607027
6608453
6607598
6608515
6606865
6608380
6607573
6607998
6606492
6607942
6607369
6608818
6607380
6608604
6607755
6608778
6608003
6608849
6607341
6608752
6607812
6608978
6607481
6608299
6607700
6608851
6608405
6608611
6607819
6608818
6607452
6609426
6608133
6608736
6607410
6608616
6607680
6608002
6606841
6607974
6608070
6608450
6608344
6608382
6608994
6609077
6608068
6609472
6608198
6609777
6607636
6609369
6607419
6609084
6607994
6608915
6608771
6608715
6607555
6609607
6608297
6608976
6607551
6608475
6607550
6608431
6608339
6609451
6608701
6609123
6607637
6608074
6607790
6609008
6607826
6608570
6607310
6608265
6607566
6608465
6607264
6608304
6607928
6607998
6607088
6608081
6607325
6608611
6607883
6608180
6607180
6607783
6607173
6608406
6607293
6608147
6608195
6608135
6607945
6608172
6607102
6608681
6608252
6608037
6606888
6608693
6608250
6608774
6608245
6609418
6607682
6609104
6607678
6608079
6608411
6609622
6608353
6608931
6607342
6608352
6607859
6608226
6607048
6608160
6607616
6607847
6607506
6608031
6607054
6609155
6606995
6609015
6607427
6607516
6608157
6608226
6607267
6608099
6607898
6608056
6606881
6608368
6606414
6607912
6606625
6608476
6607753
6607756
6606686
6608266
6607565
6609390
6606384
6608625
6607752
6608673
6606910
6607614
6607705
6608817
6608510
6608668
6607042
6608369
6607005
6608182
6607761
6608284
6607424
6608664
6608228
6609308
6607444
6608453
6607166
6607822
6607020
6608443
6607472
6608538
6607463
6608857
6608481
6608747
6607666
6608543
6607497
6609074
6608112
6607828
6607399
6608875
6608328
6608563
6607685
6609065
6607468
6608086
6608167
6609074
6608681
6608480
6608015
6608068
6608055
6608894
6607442
6608509
6607707
6608681
6607332
6608609
6607290
6608545
6606591
6608705
6607945
6609039
6607459
6609069
6608559
6608988
6608176
6608677
6607517
6607944
6607259
6608615
6608388
6608257
6607874
6609033
6607736
6607820
6607667
6609177
6607605
6608688
6607418
6609064
6607682
6608392
6607513
6607557
6608331
6609283
6607794
6608340
6607625
6609101
6607791
6608549
6607835
6608952
6607190
6608458
6607785
6608978
6607368
6608790
6607552
6608005
6607178
6608995
6608488
6608685
6607857
6608882
6608530
6609583
6608154
6609210
6608556
6609426
6607472
6609461
6608517
6609288
6607385
6609322
6607565
6609382
6608669
6608889
6607869
6608383
6608381
6609121
6608600
6609571
6607875
6609674
6608585
6608501
6609377
6609797
6608116
6609365
6607984
6609044
6608612
6608881
6607558
6608834
6608033
6608338
6607934
6609242
6607775
6609151
6609344
6609212
6607591
6609459
6608160
6609467
6608037
6608872
6607920
6608713
6607943
6608744
6607705
6608282
6609096
6610048
6608997
6609549
6609542
6609083
6608671
6608988
6607852
6608810
6608356
6608540
6607499
6609345
6609046
6609289
6608285
6608781
6608458
6609243
6608032
6609582
6608419
6609620
6608851
6609838
6608701
6609593
6608714
6608767
6608190
6608554
6607618
6609154
6607671
6609055
6607347
6608598
6608134
6609690
6608508
6608830
6607892
6608981
6607439
6609428
6608487
6609432
6607833
6609606
6608126
6609642
6608658
6609199
6607848
6608984
6608480
6609119
6608444
6609812
6608265
6609179
6608638
6609651
6607882
6609627
6608175
6609217
6607276
6609175
6608998
6608640
6607899
6609169
6608416
6608379
6607822
6609518
6608345
6608813
6608371
6608594
6607073
6609501
6608062
6609137
6607875
6608666
6608021
6609203
6608269
6609516
6609027
6610019
6609579
6609251
6608017
6609125
6608265
6609501
6608099
6609141
6607773
6609746
6608028
6610031
6609707
6610397
6609295
6609957
6608896
6608692
6608972
6609395
6608685
6610012
6608787
6609340
6609333
6610076
6609341
6609943
6608807
6610016
6609864
6610608
6609524
6610093
6608809
6610684
6608884
6610249
6608668
6610074
6608763
6609704
6608780
6609667
6609969
6609543
6608891
6610834
6610557
6610955
6609610
6610214
6609645
6610489
6609681
6609873
6610161
6610462
6609590
6610945
6609621
6610705
6609698
6609824
6609121
6610779
6609053
6611247
6609912
6610084
6609295
6610306
6610192
6610013
6610388
6611096
6608663
6610754
6609593
6610093
6609005
6610798
6609153
6609954
6609618
6610068
6609239
6609574
6609016
6610686
6609264
6609943
6609038
6609576
6609716
6610067
6609771
6610230
6609756
6609833
6609951
6610608
6610757
6610491
6608713
6610343
6609090
6609657
6608732
6609679
6609621
6610290
6610038
6609931
6609052
6610045
6609346
6610002
6609185
6609980
6609161
6609965
6610199
6610127
6609189
6609740
6609081
6610761
6609871
6610683
6609963
6610235
6609486
6610551
6609062
6610644
6609426
6610526
6609804
6610185
6609007
6610029
6608823
6610363
6609518
6610230
6609205
6610772
6609109
6610427
6608308
6611183
6609129
6610093
6609777
6609401
6609289
6610484
6609315
6610831
6609398
6610774
6609437
6610475
6609205
6610280
6609503
6610193
6609561
6610294
6609195
6610286
6609623
6610277
6609264
6610376
6608971
6610313
6609086
6610320
6609365
6610557
6609266
6610790
6609797
6609586
6608708
6610399
6609414
6610084
6608755
6610341
6609479
6610324
6608693
6610642
6610042
6610048
6609486
6610137
6610701
6610302
6609117
6610530
6609652
6611294
6609748
6610854
6609137
6610533
6609185
6610249
6608973
6610276
6608499
6610590
6609523
6609629
6608988
6610957
6609442
6610446
6609460
6610574
6609548
6610249
6609644
6611085
6609718
6611595
6610411
6611102
6610706
6610395
6609880
6610921
6609660
6611546
6610092
6611381
6609621
6610683
6609778
6610614
6608926
6611539
6610364
6610660
6609717
6610401
6610195
6610557
6610060
6611554
6609406
6611566
6610580
6610843
6609770
6610960
6610114
6610633
6609002
6610554
6609195
6611261
6610096
6610823
6609670
6610866
6609025
6611377
6609369
6611063
6610422
6610605
6609935
6611099
6610023
6611166
6610767
6611871
6609728
6610498
6609347
6610909
6610463
6610317
6610649
6611052
6609776
6610741
6609449
6611231
6609965
6611068
6610422
6611385
6609824
6610609
6609237
6610486
6609379
6610435
6609937
6611345
6609693
6610740
6609861
6609810
6610116
6611236
6609736
6611490
6609390
6610851
6610666
6610481
6609450
6610353
6609363
6610475
6609965
6610892
6610700
6610597
6609954
6610210
6609217
6610916
6610190
6610633
6609006
6609543
6609526
6610904
6609612
6610933
6608765
6610201
6610789
6610799
6609492
6610204
6609991
6611263
6610014
6611837
6609727
6611496
6610486
6611645
6610308
6610699
6609958
6611885
6610336
6611260
6609924
6610481
6610044
6610553
6610378
6611478
6610624
6611929
6610402
6611959
6609996
6611849
6610932
6611547
6611224
6611660
6610921
6611657
6610804
6611886
6610693
6611787
6611535
6611316
6609588
6610969
6610694
6611108
6611016
6611016
6610660
6610704
6610109
6611134
6609712
6611065
6609764
6610284
6610033
6610150
6609211
6610811
6609499
6609700
6609407
6610106
6609651
6609420
6608595
6610433
6610106
6610482
6609154
6610116
6609392
6611088
6609829
6610659
6609782
6611069
6610222
6611682
6610558
6611247
6610760
6612298
6611279
6613256
6611589
6612491
6612453
6612325
6612171
6612302
6610989
6611149
6610184
6609479
6608592
6607901
6606237
6605070
6603405
6602102
6600389
6598811
6596221
6596333
6593562
6592307
6589000
6589043
6586695
6586603
6584573
6583406
6581538
6581756
6579988
6580429
6578697
6579657
6578391
6579769
6579263
6579583
6579696
6581191
6581365
6582929
6582131
6584144
6584633
6585863
6585840
6586883
6587189
6588688
6588637
6590179
6590332
6592266
6591811
6593144
6592935
6594407
6593278
6595878
6595283
6596583
6596650
6597768
6597262
6598436
6598600
6599961
6598823
6599952
6600103
6601367
6600218
6601346
6601692
6602506
6601657
6602862
6602481
6603293
6603604
6605404
6604539
6604897
6604491
6606241
6604837
6606433
6606376
6607060
6606113
6607376
6607082
6607592
6607641
6607960
6607521
6608402
6607742
6608972
6606809
6608569
6608419
6608961
6608470
6608783
6608012
6608957
6607230
6608997
6608322
6608720
6607779
6609377
6607803
6609882
6608354
6609633
6609748
6610131
6608711
6609551
6609813
6610363
6609595
6610218
6609485
6611050
6609709
6611262
6610042
6611734
6610610
6610870
6609678
6611205
6610011
6610612
6609470
6610987
6609036
6609419
6609195
6609622
6608293
6609092
6607063
6607464
6606316
6606180
6604124
6604276
6602626
6603048
6601439
6600959
6599349
6599608
6597136
6597472
6595865
6596034
6594406
6594569
6593612
6594325
6592299
6593330
6591982
6592646
6592996
6593302
6591299
6592869
6591382
6592928
6592625
6593852
6592960
6593831
6593386
6594940
6594916
6596089
6595066
6597079
6596135
6597907
6598842
6598273
6598782
6599339
6599471
6600500
6598982
6601734
6601264
6602647
6601318
6603236
6602191
6603513
6603235
6604304
6603868
6604170
6603673
6604713
6604073
6605739
6604413
6606760
6606198
6607265
6606233
6606011
6606504
6607915
6608109
6608505
6607662
6608480
6608350
6609526
6607990
6609393
6608390
6609885
6608928
6609457
6609267
6608804
6610064
6610527
6609053
6610732
6608856
6609745
6609472
6610801
6610293
6610517
6609360
6610564
6609928
6610280
6609432
6611032
6609618
6610854
6609861
6611191
6610593
6610764
6609776
6610110
6610433
6610805
6609689
6610516
6609631
6611023
6609653
6610534
6609284
6610207
6609304
6610164
6609307
6610997
6610248
6610451
6609674
6610638
6609723
6611303
6609718
6611379
6609625
6610688
6610403
6610622
6609638
6610348
6610362
6611320
6610255
6611157
6609752
6611344
6610489
6611115
6610171
6611336
6610388
6611400
6610144
6610322
6610071
6610161
6609619
6611675
6610629
6611088
6610239
6610769
6610042
6610895
6610117
6610587
6610348
6611160
6610250
6610739
6609925
6611086
6610494
6611626
6610754
6610934
6610395
6612092
6610736
6612099
6610981
6612290
6610648
6611297
6610513
6611644
6611093
6612295
6611003
6612302
6610807
6611880
6611374
6611807
6610301
6612732
6610685
6612193
6611136
6612258
6611043
6611898
6611509
6612562
6611049
6611410
6610462
6612303
6610700
6611711
6611444
6612088
6610693
6613387
6611558
6611510
6611086
6612116
6610609
6611921
6610908
6612100
6611115
6612470
6611660
6612131
6611896
6612451
6610868
6612529
6611698
6612326
6610627
6612196
6611740
6612451
6611592
6612215
6611261
6612522
6611849
6612979
6611564
6612368
6611310
6613074
6612519
6613008
6611991
6613069
6612493
6612407
6611845
6612690
6610948
6612958
6611111
6612690
6612488
6612663
6611375
6612194
6611303
6612145
6611665
6612606
6611913
6612719
6612042
6612404
6611412
6611662
6611132
6612250
6611167
6611888
6610578
6612505
6611874
6611964
6611179
6612606
6610576
6612675
6611232
6612284
6611880
6612476
6610426
6612093
6611825
6611924
6612025
6612195
6611060
6612226
6610712
6611540
6610214
6612375
6610988
6611789
6612025
6611638
6610886
6611634
6610428
6612375
6611702
6612164
6610725
6612072
6610949
6611619
6611359
6611826
6611380
6611719
6611084
6612782
6610865
6612099
6610698
6612139
6611940
6612855
6611402
6612147
6610933
6612316
6610700
6612519
6611495
6612484
6611235
6612060
6612085
6612095
6611485
6612379
6611104
6612097
6611167
6612147
6611209
6611991
6610908
6612070
6610939
6612649
6611000
6613237
6611353
6613180
6611894
6613460
6612205
6612988
6611646
6612705
6611176
6612216
6612175
6612801
6611334
6612718
6611525
6613134
6611712
6612732
6612094
6612688
6611736
6613224
6610815
6612033
6612159
6612768
6612430
6613632
6612062
6613154
6612290
6613217
6612790
6612523
6612382
6613604
6612232
6613184
6612483
6612689
6611557
6613243
6612689
6613620
6611665
6612632
6612138
6612462
6612384
6612982
6611203
6612969
6612867
6612960
6612099
6612730
6612107
6612734
6613089
6612911
6611914
6613208
6611594
6613140
6612824
6612785
6612247
6612587
6612023
6612923
6612396
6612830
6611720
6612763
6611849
6613222
6612026
6613081
6611744
6612532
6612174
6612935
6612017
6613233
6612329
6612804
6612620
6613340
6611956
6612586
6612316
6612902
6611763
6613520
6613073
6613436
6611368
6612384
6611909
6612938
6611355
6612087
6611842
6612493
6612027
6612135
6611960
6612283
6612118
6612928
6611906
6611650
6611678
6612233
6611680
6613572
6610988
6612942
6611469
6612270
6611676
6612902
6611076
6612070
6611767
6612066
6610919
6612013
6611090
6612182
6610996
6612520
6610895
6612410
6611442
6612938
6611489
6611782
6610955
6612433
6611657
6612182
6610931
6612365
6611873
6612474
6612435
6612669
6611915
6612367
6611951
6611865
6611086
6612992
6611670
6612892
6610915
6611682
6611396
6612516
6611850
6612495
6612023
6612454
6611374
6612003
6610778
6611527
6611304
6612481
6612274
6613176
6612389
6612846
6612381
6611944
6612103
6612041
6611815
6612095
6611487
6612267
6610863
6612237
6610933
6611599
6611035
6611998
6610407
6611528
6609764
6612977
6611570
6611768
6610235
6611101
6611773
6611685
6609819
6611556
6610348
6611099
6609747
6611959
6610586
6612027
6611448
6611080
6610351
6610802
6611029
6611044
6610760
6611347
6609638
6610741
6610665
6611013
6609866
6611036
6609795
6610438
6610397
6610646
6610793
6611672
6609607
6610956
6609941
6610880
6610039
6611141
6609357
6610830
6610123
6610689
6610464
6610651
6609216
6610569
6610356
6610238
6608638
6610265
6609517
6609485
6608916
6609898
6607695
6609962
6608333
6609911
6608923
6609809
6608686
6609568
6608242
6610707
6608942
6610732
6608252
6609561
6608343
6608658
6608187
6609105
6608642
6609737
6608664
6609004
6608186
6608664
6608163
6608792
6607276
6608927
6609086
6608917
6609115
6608512
6608219
6609019
6608578
6609523
6608249
6609618
6608360
6609328
6609094
6609037
6608375
6609676
6608306
6609419
6608037
6608866
6608196
6608581
6608265
6609352
6608358
6609472
6608696
6609436
6608278
6608391
6608575
6609075
6608309
6609136
6607615
6609349
6608834
6609498
6608571
6609674
6608245
6609304
6608963
6609852
6609039
6609710
6608675
6609747
6607795
6609110
6608592
6609875
6608629
6608870
6608216
6609473
6608183
6609608
6609627
6610087
6609734
6610092
6610128
6610119
6610095
6609833
6608776
6610681
6609106
6610254
6608611
6609878
6609553
6610531
6609516
6609890
6609062
6610471
6610389
6610575
6609122
6610962
6609443
6610778
6609957
6609651
6610588
6610289
6610274
6610827
6609848
6610902
6609731
6610624
6609724
6610763
6610364
6611366
6610186
6610499
6611562
6611322
6610403
6610504
6609711
6610965
6610382
6610579
6608993
6610840
6609870
6610919
6609491
6609965
6610128
6610672
6610264
6610872
6610260
6611320
6609932
6610541
6609769
6610570
6609987
6610590
6609600
6611795
6609907
6611984
6609795
6611256
6610346
6611231
6610781
6611890
6609705
6611701
6610217
6611095
6610976
6610716
6611424
6611975
6612229
6612395
6611362
6612756
6611896
6612287
6612642
6612827
6611589
6612994
6612430
6612770
6612279
6613188
6612740
6613433
6613147
6614120
6612540
6613776
6611523
6611938
6612090
6612559
6610393
6612133
6610552
6611224
6609346
6609815
6608208
6608154
6607082
6607481
6606825
6606534
6604540
6604259
6602824
6603067
6600893
6602278
6600776
6600590
6599014
6599493
6598421
6598445
6598483
6598353
6596638
6597691
6596517
6597391
6596675
6597575
6595726
6597200
6597108
6598123
6597252
6599823
6598804
6599594
6599867
6600407
6599652
6601720
6599936
6602193
6602561
6603035
6603904
6604012
6603015
6604989
6605310
6606354
6605976
6607986
6607274
6607626
6606879
6609299
6607390
6609776
6608791
6610311
6609525
6610305
6610266
6611890
6611235
6612018
6610283
6611102
6610971
6612369
6611091
6612447
6611066
6611981
6611220
6612424
6611457
6612118
6612187
6612130
6611655
6613144
6611633
6612373
6611086
6611652
6610784
6611170
6610597
6610390
6610676
6610615
6610191
6610178
6610408
6610540
6609603
6610255
6608672
6610218
6608849
6608177
6608248
6609223
6609081
6609433
6607685
6608854
6608603
6609248
6608324
6609767
6607893
6608851
6607004
6609248
6608664
6609288
6608519
6608407
6608477
6610182
6609022
6609880
6609656
6610685
6610530
6611576
6610716
6611206
6610740
6612104
6612124
6612546
6611666
6612614
6613225
6614132
6613549
6613657
6613477
6613682
6613249
6614876
6612334
6612514
6611501
6611761
6610800
6610395
6608179
6609018
6607362
6606663
6605183
6602964
6599889
6599113
6597587
6595906
6592451
6591345
6587900
6586910
6583335
6582771
6579662
6578204
6574662
6573975
6570471
6569786
6566852
6565680
6563660
6562912
6559946
6560716
6558321
6558253
6556050
6556552
6555122
6555645
6555388
6555736
6554489
6556654
6556256
6557619
6558253
6560043
6558398
6559919
6560112
6563129
6562937
6563772
6564566
6566630
6566403
6568058
6567560
6569493
6570075
6572261
6572130
6574103
6573398
6575910
6575910
6577772
6578015
6579155
6578762
6580151
6579619
6580950
6580881
6583195
6582164
6584206
6583431
6585404
6584650
6586413
6585747
6587601
6587129
6587983
6587599
6590263
6588999
6590478
6589687
6590914
6591511
6592672
6592503
6593704
6593064
6595175
6595236
6595596
6595168
6596734
6596162
6596887
6596522
6598335
6597136
6599039
6598573
6600448
6600065
6600367
6600040
6601734
6601007
6602458
6601773
6603481
6602877
6604579
6603286
6604568
6604396
6605903
6604930
6606026
6606221
6606543
6607024
6607793
6606648
6607424
6607487
6609403
6607901
6608792
6608109
6609308
6608539
6610033
6608624
6609928
6607345
6609528
6608206
6608530
6608771
6610015
6609454
6611251
6608909
6609578
6608191
6609507
6607545
6608761
6608451
6609179
6608025
6609245
6607871
6609317
6609328
6608365
6608009
6609356
6607924
6608541
6606917
6609183
6607236
6608937
6607201
6608390
6606699
6608460
6607902
6608643
6607558
6607945
6606940
6608446
6607508
6607956
6607413
6607907
6607913
6608353
6607663
6608534
6607542
6608967
6608223
6610267
6608870
6609063
6608755
6609570
6608723
6609466
6608743
6610596
6610329
6610430
6609950
6610326
6610398
6610892
6610311
6611554
6610718
6612059
6610829
6610913
6610600
6610896
6610492
6610793
6609029
6609864
6608277
6608151
6607077
6607331
6604843
6605158
6602234
6603119
6601104
6600572
6597920
6597126
6595644
6594442
6592441
6591253
6588691
6587942
6584915
6584142
6581810
6580393
6578798
6577489
6575060
6574825
6571957
6571820
6569887
6569616
6568147
6567595
6565906
6566708
6565122
6565775
6563911
6564135
6564168
6564506
6564650
6565719
6564561
6565399
6563903
6566466
6566014
6566839
6566022
6568222
6567593
6568936
6568575
6570108
6570063
6571352
6571000
6572392
6571335
6572925
6572407
6574687
6574216
6576106
6575681
6576294
6575764
6577271
6576266
6577725
6577308
6579625
6578638
6579383
6578518
6579314
6578994
6580311
6579127
6580017
6580041
6581606
6580839
6581783
6580294
6582050
6581813
6582958
6581956
6583114
6582390
6583925
6582799
6583868
6583927
6584601
6584322
6584972
6584983
6585410
6585390
6586159
6585819
6586441
6585937
6587297
6586804
6588336
6587566
6589721
6589295
6590798
6590165
6591609
6591705
6592301
6593242
6594084
6594546
6594591
6594990
6596234
6596643
6597302
6597817
6599535
6598952
6600797
6599582
6601332
6601031
6602042
6601755
6602439
6601701
6602902
6601654
6602415
6600416
6600851
6599275
6599682
6597571
6598099
6595306
6594696
6592832
6590887
6587853
6587291
6583292
6582422
6578991
6576832
6573110
6570867
6566767
6564073
6560797
6558615
6555204
6552088
6548647
6546940
6541966
6540607
6536646
6535214
6532196
6529740
6527417
6526420
6524035
6523068
6520392
6521058
6519008
6519125
6518208
6518807
6518042
6518525
6517840
6518305
6517538
6519412
6519441
6520175
6520403
6521464
6521771
6523855
6523588
6525743
6526575
6528863
6528718
6530553
6529663
6532325
6532930
6535013
6535264
6537066
6536459
6538787
6539486
6540557
6540978
6542386
6542442
6543988
6544709
6546056
6545794
6547334
6547357
6548395
6549091
6549920
6550209
6551857
6551433
6553391
6552281
6553442
6553690
6555401
6554633
6556902
6556342
6558022
6557781
6558892
6558244
6559906
6558685
6560296
6560366
6561813
6561387
6562512
6561776
6563472
6563427
6565086
6564884
6565350
6564630
6566407
6564992
6567426
6566523
6568278
6568059
6569286
6568804
6569844
6569649
6572256
6571392
6572687
6572455
6574414
6573691
6574409
6573439
6575351
6575291
6576596
6575521
6577330
6576819
6577974
6577459
6578914
6578384
6579719
6579911
6580530
6579495
6581678
6581716
6582647
6582324
6584590
6582943
6583892
6582784
6585004
6583899
6584839
6585176
6586353
6585576
6586598
6586257
6587425
6587036
6588854
6588942
6589181
6588136
6589963
6589089
6591320
6591095
6591758
6591733
6591878
6592242
6593146
6592159
6593939
6593279
6594926
6594867
6596289
6596072
6597789
6596283
6598636
6597647
6599297
6598624
6600032
6599828
6600557
6601626
6602316
6601551
6603682
6602301
6603197
6603478
6603544
6602240
6602882
6602170
6602844
6602286
6601485
6600446
6601009
6599349
6598709
6597250
6596695
6594373
6593423
6590296
6591047
6587426
6586967
6584363
6582019
6579575
6577475
6573782
6572492
6568593
6566926
6563885
6563091
6559783
6557678
6553911
6553076
6549858
6548154
6544563
6544201
6540619
6539643
6536125
6535754
6533637
6532794
6531016
6529645
6527011
6526961
6524076
6524758
6522374
6521925
6519874
6520381
6518097
6518398
6516043
6515932
6514458
6513759
6512323
6512531
6511303
6511293
6510020
6509379
6508998
6508605
6506679
6507972
6506510
6507647
6506525
6507448
6506283
6507276
6507631
6508088
6508101
6509378
6509444
6511212
6510823
6512310
6512272
6514584
6514595
6517176
6516824
6519696
6519412
6522417
6522116
6524985
6525278
6527203
6527688
6530101
6530678
6532531
6534272
6536479
6535923
6538304
6538739
6541275
6541659
6543671
6544180
6546159
6546351
6548635
6549605
6550698
6551183
6553181
6553692
6555528
6555450
6557656
6557305
6559357
6558912
6561631
6562520
6564028
6564189
6565532
6565688
6568313
6567657
6570202
6569535
6571798
6572170
6573927
6573872
6574399
6575769
6577521
6576668
6579761
6578783
6580409
6580842
6582462
6582902
6585370
6584868
6587189
6586953
6589170
6588948
6590672
6590548
6591990
6592425
6593988
6593602
6595548
6595074
6596866
6595851
6598679
6597600
6599635
6598542
6599974
6600378
6600379
6600551
6600841
6600594
6601484
6600642
6601439
6601014
6601448
6600168
6601018
6599500
6599772
6598305
6599256
6597935
6597564
6596415
6596425
6595550
6596136
6594298
6594466
6593184
6593203
6591659
6591279
6590155
6590759
6588468
6588193
6587730
6587495
6586272
6585833
6584090
6584880
6583901
6584853
6582819
6583138
6583199
6584130
6581950
6583341
6583073
6583392
6582679
6583904
6582630
6584073
6583197
6583848
6583593
6585814
6585584
6585855
6584955
6587893
6586517
6589009
6587362
6588975
6587863
6588907
6589252
6590820
6590003
6590893
6591635
6592617
6592204
6593634
6592342
6593596
6592855
6594314
6594115
6594844
6594134
6595525
6595143
6595758
6595221
6596539
6594939
6596104
6596772
6597456
6596751
6596860
6596641
6597706
6596401
6597018
6597084
6597879
6596432
6597487
6596923
6596782
6596062
6597421
6596174
6598049
6597086
6597743
6596782
6598200
6596748
6598204
6596858
6597470
6596436
6597328
6596547
6598473
6596661
6597310
6597102
6596939
6597134
6597020
6597725
6597336
6596778
6596825
6596147
6597136
6596121
6597173
6595981
6596838
6595940
6597087
6595744
6597244
6596084
6597280
6596467
6597128
6594842
6597171
6596439
6597053
6596556
6597894
6596276
6597947
6596788
6597731
6596061
6598008
6595979
6597714
6596372
6596240
6596880
6597227
6596628
6597689
6597058
6597613
6596174
6597192
6596325
6597583
6596367
6596497
6595867
6597696
6596145
6596889
6596543
6597414
6597806
6597969
6597263
6597838
6596845
6597388
6596628
6596938
6596626
6598696
6596683
6598652
6596941
6597553
6597723
6598181
6597104
6597316
6597444
6598309
6597436
6598098
6597028
6597465
6596909
6597869
6597004
6598198
6596970
6597456
6596483
6598152
6597373
6598093
6597127
6598233
6597476
6598385
6597589
6598028
6598079
6598442
6597243
6597843
6596663
6598266
6597017
6597379
6597067
6597648
6596920
6597579
6596738
6598195
6597369
6598058
6596571
6597580
6597427
6598029
6596906
6597991
6596604
6597599
6597403
6598128
6597054
6598461
6596540
6597894
6597149
6598582
6596777
6598315
6597118
6597484
6596319
6597216
6596627
6597750
6597184
6597468
6596837
6598258
6596489
6598667
6596823
6598270
6596877
6598750
6597157
6598090
6596539
6598150
6596897
6597987
6598249
6598286
6597403
6598337
6596843
6598770
6597648
6598203
6596801
6598197
6597695
6598165
6597197
6598338
6597511
6598201
6597465
6598234
6597459
6598801
6596612
6598322
6597049
6598634
6597418
6597629
6597088
6598513
6597279
6598404
6597438
6598385
6597349
6598251
6596920
6597911
6597885
6598758
6597975
6598094
6597644
6598383
6596791
6597599
6597217
6597830
6598123
6598001
6597672
6598658
6598291
6598373
6597399
6598742
6597566
6598769
6597101
6598283
6597799
6597561
6597033
6598104
6597015
6597755
6596778
6597630
6597356
6597851
6597840
6598397
6597813
6599092
6597717
6599348
6596602
6598336
6597547
6598157
6597507
6597947
6597725
6598855
6597864
6599627
6597641
6598688
6598154
6600025
6597601
6598244
6597898
6599339
6597888
6598697
6597809
6598640
6597200
6599096
6597479
6598917
6597349
6598197
6597790
6598378
6598490
6597719
6598453
6599311
6597583
6598652
6598113
6598616
6597445
6598459
6598293
6599210
6597824
6598931
6598024
6598529
6598051
6598344
6598653
6598833
6598212
6598621
6597820
6599045
6597834
6599033
6598078
6598329
6597208
6599748
6597811
6599262
6598560
6599001
6596969
6598671
6597442
6599235
6598306
6598868
6597942
6598481
6597765
6598656
6598092
6599126
6597612
6599452
6597936
6598800
6598047
6599441
6598609
6598845
6597640
6599394
6598165
6599669
6598243
6599066
6597884
6599542
6597971
6599868
6598039
6599517
6598574
6599765
6598800
6599260
6599529
6600090
6598305
6600169
6599365
6599802
6599296
6599736
6598694
6599613
6598344
6599029
6597854
6599654
6598271
6600396
6600166
6600351
6598888
6599955
6598856
6600265
6599388
6599969
6598908
6599353
6599290
6599965
6599394
6599759
6599660
6601109
6599815
6600560
6599503
6600567
6598889
6600316
6600004
6600342
6598974
6601034
6598926
6600135
6598494
6600287
6599153
6600342
6599351
6600367
6599035
6599972
6598921
6600002
6598923
6599437
6599371
6600254
6599056
6599880
6599170
6599532
6598980
6599132
6599003
6600408
6598840
6599123
6599117
6599663
6599110
6599656
6598472
6598977
6598502
6599860
6598677
6599129
6598357
6600094
6598329
6599562
6599418
6599355
6599395
6600406
6600092
6600281
6599157
6600103
6599361
6599337
6599505
6599535
6598987
6600319
6599450
6600164
6599077
6600004
6599883
6600267
6599179
6600540
6598277
6600176
6598897
6600301
6599052
6599601
6599358
6599918
6599007
6599865
6598456
6600437
6599507
6601015
6599152
6599902
6598906
6599833
6599819
6601389
6599624
6599532
6599894
6600222
6599996
6599958
6599344
6600871
6599273
6600499
6599504
6600029
6599651
6600181
6599914
6600476
6599321
6600037
6600240
6600094
6599404
6600959
6599056
6599971
6599537
6600901
6599320
6599619
6599415
6600686
6599734
6600659
6599274
6600020
6599330
6600359
6599898
6599564
6599814
6600929
6599770
6600453
6599685
6600705
6599749
6600760
6599261
6600581
6599567
6599585
6599750
6600614
6599489
6599945
6599209
6600328
6600224
6599937
6598632
6599457
6599235
6600090
6598536
6600339
6598676
6598926
6597645
6599676
6598938
6599811
6598853
6598960
6598336
6598857
6597331
6598512
6598304
6599427
6598164
6597806
6597321
6598326
6596726
6597627
6595927
6596912
6597276
6597900
6597154
6596934
6595671
6597196
6595937
6596859
6596628
6595515
6596021
6596329
6596403
6596598
6596750
6596829
6595712
6596626
6596915
6596159
6596251
6596481
6595325
6597101
6594883
6596382
6594992
6596513
6595842
6596403
6595436
6597106
6596224
6597380
6596540
6596309
6596238
6597179
6596739
6597956
6596388
6597415
6597495
6598065
6597204
6598584
6597457
6598874
6598864
6599889
6599177
6600782
6600014
6600581
6599140
6601094
6599612
6601217
6600620
6600845
6599994
6600797
6600397
6600243
6599761
6600996
6599108
6599840
6598939
6598895
6598001
6598390
6596871
6596308
6594973
6594464
6593540
6593351
6591920
6591215
6589718
6588443
6585250
6586810
6583438
6582917
6580225
6578701
6576761
6575911
6572592
6572090
6568299
6567260
6565162
6563897
6561621
6559997
6557862
6555898
6553785
6552481
6549225
6548551
6546703
6546598
6543112
6542534
6540438
6539754
6537527
6537152
6534940
6534427
6533952
6533965
6531578
6532142
6530356
6529746
6529739
6530763
6529358
6529579
6528420
6529774
6528520
6529429
6528903
6529143
6528881
6530467
6529732
6530456
6530305
6530765
6530153
6531716
6532097
6533055
6531945
6534284
6533917
6535203
6534988
6536010
6535939
6537340
6537305
6538571
6537711
6540130
6539303
6540928
6540139
6541494
6540828
6542046
6541259
6542723
6541769
6543745
6542775
6544482
6543786
6544462
6544003
6544784
6545355
6546050
6545824
6546916
6546857
6547399
6547510
6548165
6547252
6548386
6548125
6549139
6548445
6549279
6548651
6550616
6549512
6550285
6549794
6550595
6549868
6551387
6550252
6551705
6550659
6552449
6552089
6552184
6552048
6552561
6551790
6554272
6552834
6552789
6552689
6553953
6553232
6555549
6553878
6555126
6554804
6555506
6554777
6555939
6555080
6555623
6556016
6556598
6557457
6557483
6556941
6558068
6557417
6557821
6557699
6558731
6558119
6559800
6558853
6560281
6558557
6560139
6559385
6560965
6561095
6562486
6561416
6562501
6562821
6563134
6562923
6564164
6564142
6564704
6563653
6564843
6564183
6565218
6564660
6566458
6565918
6566427
6565408
6568143
6566730
6568350
6567281
6568281
6567385
6568553
6568611
6570195
6569039
6570198
6569130
6570500
6569806
6571697
6571370
6572471
6571744
6572938
6572178
6572473
6573225
6573378
6574072
6573188
6573353
6575050
6574033
6575260
6573968
6575640
6575427
6576484
6576157
6576757
6575403
6576613
6576638
6577267
6576428
6577716
6577784
6578671
6578720
6580429
6578575
6579708
6579050
6579986
6579369
6579815
6579307
6580906
6580181
6581388
6580206
6581361
6581149
6581944
6582256
6582485
6582507
6584787
6583157
6584373
6584306
6584913
6584737
6586258
6585234
6585972
6586511
6586120
6585914
6586910
6586332
6587353
6587157
6587831
6587046
6588189
6588172
6588018
6587899
6589161
6588839
6590160
6588575
6590568
6590191
6591268
6589887
6591366
6590394
6591545
6590900
6592073
6591464
6592484
6591195
6592715
6591625
6593512
6591458
6593507
6592443
6593544
6593307
6595469
6594276
6594678
6593661
6595379
6594488
6595100
6595037
6596270
6595301
6596399
6595225
6596572
6596294
6597088
6596513
6597854
6595737
6598593
6596881
6597964
6597628
6597917
6597962
6598674
6597258
6598668
6597674
6599139
6598105
6599280
6599624
6599340
6598505
6599461
6598468
6600239
6599868
6599884
6600306
6600944
6599585
6600693
6599796
6600797
6600259
6601364
6600846
6600793
6600417
6601844
6600205
6602142
6599865
6601152
6600393
6601462
6600359
6601159
6599938
6601608
6600423
6601278
6600449
6601780
6601127
6601826
6600095
6601809
6600560
6601213
6600830
6601422
6600322
6601155
6600094
6601529
6600789
6600964
6600506
6602393
6601127
6601731
6601111
6601874
6600168
6601995
6600119
6601144
6600771
6602398
6600668
6601529
6600619
6601975
6600313
6602221
6600568
6601089
6601830
6601193
6600510
6602044
6601485
6601716
6600483
6602259
6599855
6601751
6600836
6601335
6599935
6600789
6599850
6601465
6600552
6601849
6601164
6601437
6600276
6602269
6600679
6601731
6600830
6601966
6600719
6599821
6599336
6600508
6601092
6601057
6600140
6601224
6600488
6600477
6600309
6601404
6600922
6601321
6599851
6600976
6600102
6600551
6600750
6601011
6599369
6600874
6599834
6600466
6599739
6601758
6600630
6600856
6600961
6601109
6600938
6601820
6599392
6600917
6599836
6601740
6600978
6601886
6600681
6601383
6600336
6601516
6600106
6600376
6600165
6600892
6599716
6601316
6600205
6601592
6600651
6601296
6599794
6600892
6600909
6601754
6601628
6602084
6600117
6601537
6600991
6601649
6600850
6601837
6600298
6601716
6601056
6601102
6600715
6601322
6600406
6601670
6600266
6601618
6600484
6601624
6600705
6600631
6600581
6600780
6600092
6601847
6599474
6601821
6600741
6601858
6601181
6601573
6600988
6601879
6601258
6601122
6600692
6601639
6600741
6601241
6600662
6601372
6600518
6601624
6600450
6602415
6601399
6601708
6600442
6602372
6600812
6601842
6600550
6601918
6600579
6601380
6600861
6601534
6600098
6600900
6600666
6601248
6600742
6601556
6600823
6601470
6600701
6601777
6601811
6601643
6600728
6601528
6601127
6602611
6600563
6601443
6600026
6601728
6601223
6602471
6601382
6602313
6600792
6601715
6601060
6602425
6600972
6602551
6600010
6601832
6600679
6601398
6600725
6602368
6600180
6601860
6600846
6601347
6600931
6601622
6600813
6601231
6601127
6601558
6601191
6600935
6600701
6601620
6602281
6601422
6601598
6602244
6601174
6602540
6601573
6602269
6601433
6602516
6601259
6602788
6600837
6602458
6600819
6602004
6601184
6602286
6601936
6601629
6600289
6602495
6601179
6601991
6601103
6602511
6601203
6601882
6601632
6602849
6602004
6602798
6601913
6601977
6601186
6601955
6602127
6602909
6602162
6602717
6602691
6603304
6602128
6602323
6602469
6603092
6601549
6602883
6601597
6602880
6602733
6603668
6602883
6602565
6601786
6602695
6601985
6602451
6602173
6602554
6602284
6602667
6601394
6602825
6601937
6602246
6601895
6601993
6601343
6602379
6602468
6602821
6601197
6603267
6602112
6603212
6602877
6602818
6602050
6602606
6602682
6602813
6601318
6601923
6601083
6602526
6600931
6601886
6599865
6601176
6601282
6602208
6602602
6601886
6600616
6601683
6601390
6601296
6601478
6602062
6602258
6602109
6601593
6602092
6601025
6601888
6601395
6601660
6601200
6602227
6600918
6601871
6601524
6602212
6601441
6603066
6601096
6602382
6601966
6602051
6602036
6602105
6601580
6602105
6602061
6602349
6602163
6602905
6601657
6602397
6601463
6602509
6601871
6602593
6601739
6602240
6602732
6602815
6601554
6602621
6601872
6602912
6602018
6602649
6600719
6602349
6601887
6603306
6601578
6602579
6601709
6602292
6601646
6601620
6601573
6602947
6601452
6602908
6601087
6603416
6602631
6602653
6602751
6601986
6603053
6602419
6602284
6602507
6602153
6602988
6601809
6603654
6600879
6603170
6602489
6602097
6601452
6601982
6601683
6602806
6601915
6602429
6601893
6602711
6601732
6602891
6601162
6602260
6602184
6601508
6601723
6602741
6602662
6601707
6601877
6602971
6602394
6601934
6601588
6602697
6601978
6602625
6602420
6603301
6603167
6603395
6602835
6602561
6601460
6602789
6603120
6603312
6602408
6603054
6601556
6603327
6601756
6603142
6602102
6602718
6602788
6603100
6602208
6603049
6602426
6602358
6602390
6603622
6601855
6602843
6601613
6603029
6601888
6604058
6603223
6603496
6602568
6603680
6602969
6603835
6602703
6603572
6602659
6603683
6602645
6604124
6602370
6603142
6601909
6602707
6601824
6602416
6602261
6603070
6602592
6603067
6602530
6603929
6602684
6603204
6602093
6602747
6602357
6603451
6602534
6602810
6602061
6602516
6602171
6602846
6602385
6603082
6602536
6603497
6603007
6603233
6601546
6603142
6601620
6602941
6602164
6603862
6603001
6602781
6602264
6603267
6602589
6602758
6603312
6603437
6603384
6603386
6602772
6603950
6602774
6604315
6603037
6603085
6602873
6603458
6602661
6603703
6601679
6602806
6603446
6603281
6603384
6603367
6602168
6603354
6602121
6603060
6602956
6603464
6602649
6603595
6603764
6603394
6603007
6604349
6602631
6603289
6602034
6603558
6602030
6602894
6602352
6603150
6603130
6603801
6601831
6602773
6601787
6603010
6601870
6603808
6601866
6603213
6602541
6603687
6602322
6603646
6602418
6603652
6602471
6603432
6602052
6604045
6602794
6603388
6603402
6604002
6602578
6603222
6603377
6603186
6603085
6603275
6603474
6603530
6601413
6603450
6603367
6603811
6601603
6603324
6602306
6603484
6602853
6603683
6602388
6604548
6603006
6604065
6602796
6604407
6602775
6603307
6602513
6603288
6602245
6603496
6603336
6603067
6603158
6604026
6602586
6603838
6603115
6603191
6602710
6602760
6602438
6603234
6601982
6603173
6602896
6603310
6602396
6603587
6602797
6604035
6602148
6604011
6603001
6603019
6602192
6603418
6602477
6603450
6603105
6603972
6603050
6603477
6602228
6603086
6602986
6603716
6603102
6604110
6603155
6603925
6603171
6602917
6601852
6603712
6602347
6603529
6602672
6603949
6603207
6603861
6603347
6603481
6602901
6603493
6602627
6603094
6602568
6603974
6602448
6603506
6602129
6603871
6602319
6602740
6602888
6603526
6602866
6603712
6602740
6603383
6604093
6604257
6603434
6604347
6602715
6603669
6602640
6603401
6603195
6604088
6603320
6605348
6602513
6603442
6602893
6603807
6603137
6603984
6602303
6604372
6602822
6604192
6602790
6604086
6603200
6603907
6603288
6604940
6603113
6603491
6603239
6602958
6603352
6604533
6602787
6604443
6603174
6603446
6602559
6603353
6602788
6603675
6602619
6603456
6602928
6603032
6602178
6603760
6603133
6602532
6602219
6602795
6602231
6602780
6602556
6603610
6601995
6603346
6602151
6603738
6602295
6602288
6601736
6603210
6602982
6602453
6603229
6603284
6602587
6603042
6602240
6603334
6601585
6603121
6602541
6603104
6602607
6603871
6602569
6603384
6602081
6603414
6601587
6603406
6601704
6603392
6601904
6603557
6602619
6603415
6602494
6603490
6602768
6603895
6602619
6603365
6602383
6603808
6603226
6603658
6603055
6604329
6602990
6604037
6603071
6603805
6602842
6604035
6602045
6603750
6603269
6603972
6603217
6604236
6603240
6603886
6602970
6604624
6603306
6603871
6602751
6604987
6603209
6604260
6603748
6605280
6602832
6603426
6603504
6604800
6603570
6603673
6603161
6603800
6603362
6603970
6603738
6604465
6602833
6603418
6604565
6604091
6604085
6604229
6604315
6605062
6603785
6604617
6603443
6604287
6603362
6604799
6602962
6604399
6602961
6603941
6603399
6603693
6602639
6603531
6602840
6602936
6602950
6603184
6603137
6603332
6602153
6603970
6602133
6603397
6602123
6602747
6602631
6604048
6602969
6603349
6601830
6603536
6602274
6603019
6601765
6602397
6601374
6602997
6602721
6601430
6601900
6602592
6601951
6602965
6601734
6602092
6602539
6602739
6602347
6603286
6601879
6602751
6601973
6603313
6602510
6602854
6602545
6602429
6602003
6602778
6601791
6603298
6602393
6603629
6601929
6602674
6602030
6603217
6602584
6602840
6602001
6603207
6602136
6602891
6602528
6603541
6601461
6603702
6602535
6604990
6603064
6602563
6603253
6603700
6601827
6604001
6602306
6604253
6603001
6603434
6603282
6603343
6602625
6603270
6602194
6604121
6602220
6603011
6602736
6604094
6602844
6603614
6602163
6605159
6603200
6603624
6602870
6602818
6601879
6603373
6601886
6603227
6602473
6603423
6603331
6603591
6603129
6603731
6603788
6604042
6602067
6604747
6603128
6603927
6603295
6603572
6602858
6603908
6603031
6603521
6602943
6604326
6602555
6603656
6602869
6603961
6603116
6604053
6602219
6604290
6603637
6604143
6603046
6603325
6602895
6603844
6602704
6604182
6602801
6603308
6602589
6603751
6602592
6603904
6603250
6603710
6602956
6604474
6603379
6603520
6602869
6602873
6602711
6603720
6602618
6603908
6603638
6603731
6602671
6604443
6601960
6603842
6603461
6604057
6603622
6604597
6603322
6603117
6602886
6604131
6603008
6603440
6603220
6604121
6603882
6603511
6603378
6603428
6602827
6603040
6602444
6603712
6602730
6603321
6601298
6603207
6602723
6603893
6602546
6603191
6602803
6603071
6602194
6603313
6602678
6602907
6601816
6602850
6602247
6603166
6603606
6603662
6602254
6603495
6602047
6603440
6602697
6602540
6602413
6603789
6602334
6603118
6602351
6604294
6602758
6603771
6603262
6603225
6601820
6603592
6602069
6603397
6602836
6603677
6603487
6603767
6603373
6603970
6602784
6602963
6602137
6603684
6603491
6602896
6603089
6603305
6603051
6604217
6602970
6604257
6602932
6603718
6602045
6603378
6602370
6603759
6603375
6603451
6602535
6602645
6603168
6602920
6602281
6603536
6601719
6602833
6601880
6602601
6601794
6601452
6601933
6603072
6601192
6603109
6601706
6601646
6602462
6603069
6602209
6603779
6601562
6604060
6601793
6602767
6601989
6602822
6601806
6602281
6601463
6602341
6601008
6602770
6601650
6602462
6601756
6603214
6602237
6602698
6601835
6603236
6601750
6602906
6602151
6603061
6601785
6603442
6602014
6603360
6602254
6602713
6602477
6602866
6601799
6603085
6601644
6602641
6602404
6602831
6601509
6602857
6602739
6602766
6601271
6602919
6602495
6603523
6602983
6603043
6603028
6603541
6602886
6603048
6602004
6603373
6602547
6603619
6601872
6603456
6601916
6603219
6603286
6602998
6602646
6603816
6602715
6604072
6602851
6603665
6603339
6603460
6603433
6604079
6602984
6603800
6602215
6604378
6602667
6603562
6602466
6603817
6602521
6603132
6602361
6602990
6602708
6603594
6602459
6603373
6601779
6603936
6604093
6604350
6603287
6603851
6602768
6604623
6602620
6603406
6602576
6602917
6603169
6603269
6603024
6603474
6601814
6603876
6603101
6603495
6601707
6603232
6601858
6603699
6602865
6603562
6602925
6602603
6603017
6603914
6603158
6602694
6601297
6603530
6602196
6603597
6602582
6603288
6601532
6603292
6603772
6603561
6602351
6603610
6602646
6604229
6602878
6603331
6602323
6603521
6603415
6602987
6603302
6604325
6603799
6603061
6601946
6604021
6602485
6603658
6602576
6604210
6603835
6602902
6602046
6604015
6603114
6603433
6603680
6603677
6603710
6604343
6602914
6603848
6603480
6604972
6602857
6603625
6602531
6603295
6603330
6603420
6603232
6604004
6603412
6603995
6603447
6604391
6603511
6604102
6604044
6604378
6603279
6603668
6602690
6604022
6602397
6603653
6602615
6604725
6602848
6604362
6602649
6603447
6602569
6603729
6602365
6603681
6603231
6604105
6602811
6603666
6602148
6603266
6602786
6603490
6602366
6603613
6603586
6603941
6603614
6603630
6602321
6603668
6604130
6604015
6602240
6603166
6602975
6603544
6602452
6603457
6602712
6603997
6602546
6603862
6602445
6603455
6603233
6603775
6603882
6603573
6603435
6604182
6603800
6604453
6603221
6603167
6603261
6603617
6603113
6603742
6602262
6604172
6602491
6603895
6602652
6603658
6602314
6604055
6603477
6604270
6603345
6603477
6604181
6604629
6604000
6604246
6602875
6604099
6602520
6604426
6603198
6604990
6603336
6603899
6602797
6603912
6602560
6603953
6603933
6604132
6603482
6604572
6602936
6604468
6602544
6603663
6603229
6604070
6603439
6604986
6603488
6603883
6602800
6604193
6602784
6604372
6602606
6603409
6602429
6604609
6603085
6603869
6603297
6604448
6603297
6604816
6603649
6604051
6604142
6603928
6604031
6604421
6603773
6604719
6604107
6604548
6603219
6604144
6603835
6604577
6602786
6604398
6604605
6604011
6603241
6604641
6604321
6604872
6603723
6604151
6602650
6605297
6604294
6603732
6602683
6603369
6602688
6603490
6603812
6603307
6603891
6603965
6603582
6603556
6602279
6604139
6603655
6604118
6602722
6603349
6601851
6602847
6601874
6603727
6602032
6602616
6603244
6603025
6602748
6602662
6601716
6604247
6602211
6603011
6602396
6602544
6602121
6602663
6601978
6603211
6602260
6603507
6602487
6603209
6602650
6603152
6601866
6602258
6601386
6603395
6602676
6603646
6602623
6603368
6602513
6603753
6602161
6603589
6602266
6603390
6602747
6602713
6601971
6603121
6602090
6602990
6602405
6602394
6601457
6602689
6602518
6603367
6602115
6602507
6601902
6603013
6602429
6603006
6602219
6602890
6602090
6603476
6602504
6603775
6602728
6603529
6603234
6603847
6602623
6603362
6601733
6603206
6602637
6602697
6602172
6604062
6602187
6603630
6602327
6603811
6603022
6602936
6601976
6603022
6602179
6602749
6602707
6603904
6602309
6602835
6603123
6602781
6602123
6603643
6601731
6603392
6602450
6603215
6602251
6603733
6601863
6602684
6602107
6603040
6601633
6603818
6602665
6603554
6601894
6602858
6601367
6603443
6602415
6603270
6601826
6602222
6602357
6603273
6602423
6603062
6601728
6602912
6602266
6602493
6602782
6602869
6601678
6602807
6601974
6602608
6602667
6602855
6601308
6602269
6601341
6602528
6601750
6602291
6601183
6602494
6600942
6602246
6601426
6603237
6601048
6602490
6601818
6602503
6601886
6602034
6602011
6601920
6601837
6602496
6601834
6602531
6601318
6602285
6601957
6602636
6601596
6602146
6601454
6602678
6601557
6602755
6601594
6602275
6601389
6602700
6600959
6602272
6600230
6602034
6601002
6602197
6600501
6600806
6600760
6602089
6601381
6601574
6601334
6602126
6599904
6601937
6601396
6601804
6600407
6601016
6601096
6601335
6601240
6600620
6600899
6600980
6600545
6601498
6600125
6602047
6600524
6602089
6600637
6601069
6600326
6601879
6600467
6601582
6601191
6601093
6600781
6601220
6600348
6600940
6600853
6602380
6600650
6601308
6601189
6600665
6601797
6601299
6600124
6601351
6599817
6601162
6600616
6601670
6600292
6601639
6600648
6602050
6600482
6602156
6601231
6600923
6599968
6601422
6600347
6601197
6600644
6601788
6600708
6601404
6600641
6600372
6600873
6601492
6600626
6600936
6600658
6601610
6600499
6602499
6600587
6601948
6601605
6601005
6600580
6602326
6601201
6602322
6601635
6602590
6600961
6601838
6600730
6602238
6601361
6602179
6601488
6602072
6601250
6601853
6601472
6602224
6600632
6601611
6601773
6601932
6600953
6601730
6600770
6601564
6601134
6602450
6601220
6601151
6600677
6601993
6601207
6602328
6601294
6602496
6601329
6602606
6602416
6602000
6601604
6602885
6600899
6602783
6601308
6602850
6600862
6602459
6600689
6602801
6600875
6602297
6601857
6602609
6601733
6602891
6601726
6602372
6601310
6601980
6600944
6601391
6601789
6601651
6601534
6602601
6600817
6602463
6602289
6602908
6601912
6602361
6602006
6602878
6602258
6603021
6602133
6602849
6602046
6603394
6602083
6602138
6601728
6602662
6602199
6602999
6601351
6602279
6601717
6602306
6601307
6602460
6601560
6602585
6602926
6603085
6601590
6602821
6601268
6603090
6602571
6603220
6602119
6602870
6602617
6602902
6602620
6602609
6600818
6603332
6603135
6603184
6602356
6602778
6602393
6602901
6602884
6603092
6602570
6604199
6602832
6604022
6603771
6603574
6602040
6603352
6602426
6603966
6603290
6603606
6604009
6603661
6602347
6603143
6602896
6604618
6603109
6603664
6603890
6603772
6602753
6603716
6603358
6604028
6601716
6604037
6603046
6603668
6602798
6604010
6602552
6603511
6603973
6603737
6603474
6603626
6602962
6603299
6602595
6604715
6603105
6604271
6602925
6604034
6603142
6603259
6604401
6605188
6603113
6604812
6605102
6604859
6603348
6604177
6603197
6604506
6603868
6604814
6603913
6604921
6603700
6604394
6603878
6604708
6603585
6604841
6602948
6604403
6603681
6604648
6603113
6603438
6603220
6603964
6603810
6604483
6603385
6604430
6604154
6604146
6603511
6603873
6603877
6604719
6603800
6604702
6603217
6604126
6603113
6604727
6603362
6604655
6603432
6604322
6603824
6604914
6603304
6605053
6603609
6604314
6603293
6603447
6602691
6603395
6602941
6604244
6603518
6604619
6603441
6604180
6603179
6603683
6603812
6603870
6604255
6605006
6603264
6604793
6603867
6605005
6604457
6604446
6602748
6604936
6604949
6605027
6603784
6604863
6603809
6604434
6602842
6604823
6603655
6604511
6602553
6603897
6603576
6603868
6603365
6603641
6603493
6604046
6603322
6604268
6603829
6604277
6603867
6603962
6602720
6604550
6603854
6605094
6603168
6603924
6603666
6604118
6603791
6604177
6604636
6604956
6603208
6604361
6603718
6604668
6604225
6604534
6603697
6603679
6603906
6605182