C4d_2015-test
aeg, juhtivus
 0, 120805
 1, 120748
 2, 120801
 3, 120736
 4, 120768
 5, 120759
 6, 120789
 7, 120745
 8, 120785
 9, 120717
 10, 120771
 11, 120707
 12, 120764
 13, 120741
 14, 120774
 15, 120708
 16, 120745
 17, 120721
 18, 120751
 19, 120704
 20, 120739
 21, 120696
 22, 120727
 23, 120713
 24, 120735
 25, 120703
 26, 120731
 27, 120721
 28, 120712
 29, 120708
 30, 120711
 31, 120684
 32, 120730
 33, 120672
 34, 120696
 35, 120689
 36, 120681
 37, 120683
 38, 120717
 39, 120664
 40, 120729
 41, 120672
 42, 120686
 43, 120670
 44, 120666
 45, 120633
 46, 120650
 47, 120684
 48, 120652
 49, 120672
 50, 120633
 51, 120670
 52, 120661
 53, 120630
 54, 120630
 55, 120707
 56, 120642
 57, 120642
 58, 120600
 59, 120645
 60, 120635
 61, 120631
 62, 120576
 63, 120664
 64, 120576
 65, 120639
 66, 120581
 67, 120648
 68, 120597
 69, 120636
 70, 120596
 71, 120624
 72, 120599
 73, 120639
 74, 120607
 75, 120617
 76, 120572
 77, 120616
 78, 120553
 79, 120614
 80, 120592
 81, 120577
 82, 120544
 83, 120626
 84, 120585
 85, 120606
 86, 120579
 87, 120588
 88, 120574
 89, 120566
 90, 120593
 91, 120579
 92, 120538
 93, 120556
 94, 120583
 95, 120539
 96, 120532
 97, 120517
 98, 120547
 99, 120508
 100, 120552
 101, 120543
 102, 120524
 103, 120536
 104, 120540
 105, 120506
 106, 120547
 107, 120506
 108, 120545
 109, 120508
 110, 120516
 111, 120477
 112, 120521
 113, 120521
 114, 120520
 115, 120484
 116, 120508
 117, 120516
 118, 120499
 119, 120489
 120, 120490
 121, 120445
 122, 120525
 123, 120440
 124, 120510
 125, 120447
 126, 120526
 127, 120451
 128, 120507
 129, 120466
 130, 120479
 131, 120484
 132, 120419
 133, 120453
 134, 120433
 135, 120428
 136, 120422
 137, 120471
 138, 120470
 139, 120463
 140, 120439
 141, 120462
 142, 120446
 143, 120449
 144, 120436
 145, 120452
 146, 120456
 147, 120432
 148, 120420
 149, 120411
 150, 120429
 151, 120428
 152, 120392
 153, 120420
 154, 120417
 155, 120417
 156, 120392
 157, 120408
 158, 120377
 159, 120417
 160, 120391
 161, 120415
 162, 120403
 163, 120382
 164, 120401
 165, 120405
 166, 120376
 167, 120394
 168, 120393
 169, 120421
 170, 120371
 171, 120395
 172, 120353
 173, 120355
 174, 120335
 175, 120352
 176, 120347
 177, 120376
 178, 120374
 179, 120365
 180, 120305
 181, 120359
 182, 120340
 183, 120338
 184, 120346
 185, 120335
 186, 120344
 187, 120299
 188, 120310
 189, 120315
 190, 120359
 191, 120284
 192, 120315
 193, 120304
 194, 120317
 195, 120269
 196, 120323
 197, 120309
 198, 120334
 199, 120309
 200, 120307
 201, 120277
 202, 120290
 203, 120327
 204, 120306
 205, 120303
 206, 120308
 207, 120297
 208, 120279
 209, 120286
 210, 120283
 211, 120261
 212, 120289
 213, 120293
 214, 120294
 215, 120267
 216, 120273
 217, 120270
 218, 120263
 219, 120262
 220, 120230
 221, 120288
 222, 120227
 223, 120268
 224, 120263
 225, 120251
 226, 120268
 227, 120242
 228, 120208
 229, 120257
 230, 120237
 231, 120235
 232, 120244
 233, 120215
 234, 120246
 235, 120222
 236, 120217
 237, 120192
 238, 120203
 239, 120202
 240, 120197
 241, 120205
 242, 120210
 243, 120207
 244, 120220
 245, 120158
 246, 120170
 247, 120184
 248, 120187
 249, 120145
 250, 120206
 251, 120202
 252, 120158
 253, 120158
 254, 120195
 255, 120150
 256, 120156
 257, 120183
 258, 120208
 259, 120166
 260, 120168
 261, 120157
 262, 120208
 263, 120136
 264, 120158
 265, 120121
 266, 120163
 267, 120133
 268, 120177
 269, 120131
 270, 120161
 271, 120139
 272, 120147
 273, 120108
 274, 120123
 275, 120094
 276, 120149
 277, 120111
 278, 120150
 279, 120087
 280, 120156
 281, 120119
 282, 120124
 283, 120114
 284, 120099
 285, 120091
 286, 120092
 287, 120080
 288, 120142
 289, 120093
 290, 120131
 291, 120058
 292, 120105
 293, 120091
 294, 120142
 295, 120058
 296, 120091
 297, 120109
 298, 120121
 299, 120055
 300, 120076
 301, 120058
 302, 120091
 303, 120062
 304, 120084
 305, 120024
 306, 120099
 307, 120026
 308, 120054
 309, 120021
 310, 120051
 311, 120060
 312, 120041
 313, 120046
 314, 120020
 315, 120069
 316, 120015
 317, 120054
 318, 120047
 319, 120026
 320, 120032
 321, 120022
 322, 120051
 323, 119973
 324, 120000
 325, 120035
 326, 120011
 327, 120012
 328, 120012
 329, 119979
 330, 120019
 331, 119997
 332, 119994
 333, 119975
 334, 120026
 335, 119991
 336, 120006
 337, 119948
 338, 120006
 339, 119980
 340, 119971
 341, 119954
 342, 120028
 343, 119983
 344, 119977
 345, 119966
 346, 119983
 347, 119939
 348, 119965
 349, 119950
 350, 119969
 351, 119941
 352, 119931
 353, 119957
 354, 119921
 355, 119951
 356, 119904
 357, 119956
 358, 119924
 359, 119914
 360, 119913
 361, 119936
 362, 119930
 363, 119956
 364, 119901
 365, 119948
 366, 119904
 367, 119904
 368, 119902
 369, 119936
 370, 119910
 371, 119909
 372, 119869
 373, 119937
 374, 119876
 375, 119901
 376, 119854
 377, 119905
 378, 119875
 379, 119929
 380, 119877
 381, 119894
 382, 119890
 383, 119908
 384, 119857
 385, 119894
 386, 119881
 387, 119894
 388, 119868
 389, 119850
 390, 119861
 391, 119904
 392, 119815
 393, 119887
 394, 119834
 395, 119852
 396, 119830
 397, 119879
 398, 119842
 399, 119847
 400, 119820
 401, 119872
 402, 119813
 403, 119851
 404, 119832
 405, 119803
 406, 119836
 407, 119836
 408, 119822
 409, 119810
 410, 119807
 411, 119806
 412, 119842
 413, 119792
 414, 119858
 415, 119786
 416, 119805
 417, 119772
 418, 119810
 419, 119768
 420, 119816
 421, 119798
 422, 119771
 423, 119799
 424, 119820
 425, 119807
 426, 119833
 427, 119755
 428, 119787
 429, 119737
 430, 119766
 431, 119751
 432, 119800
 433, 119728
 434, 119806
 435, 119771
 436, 119803
 437, 119731
 438, 119782
 439, 119739
 440, 119776
 441, 119762
 442, 119773
 443, 119726
 444, 119738
 445, 119745
 446, 119765
 447, 119719
 448, 119730
 449, 119739
 450, 119724
 451, 119723
 452, 119733
 453, 119768
 454, 119688
 455, 119746
 456, 119688
 457, 119720
 458, 119702
 459, 119757
 460, 119694
 461, 119669
 462, 119706
 463, 119707
 464, 119691
 465, 119677
 466, 119693
 467, 119697
 468, 119691
 469, 119717
 470, 119671
 471, 119683
 472, 119677
 473, 119659
 474, 119668
 475, 119656
 476, 119663
 477, 119703
 478, 119612
 479, 119677
 480, 119618
 481, 119682
 482, 119651
 483, 119660
 484, 119629
 485, 119644
 486, 119627
 487, 119647
 488, 119668
 489, 119673
 490, 119618
 491, 119618
 492, 119612
 493, 119625
 494, 119626
 495, 119612
 496, 119652
 497, 119636
 498, 119644
 499, 119600
 500, 119613
 501, 119607
 502, 119629
 503, 119603
 504, 119627
 505, 119566
 506, 119629
 507, 119613
 508, 119611
 509, 119580
 510, 119605
 511, 119555
 512, 119615
 513, 119595
 514, 119614
 515, 119599
 516, 119602
 517, 119561
 518, 119599
 519, 119590
 520, 119592
 521, 119570
 522, 119572
 523, 119582
 524, 119585
 525, 119563
 526, 119558
 527, 119533
 528, 119561
 529, 119556
 530, 119577
 531, 119532
 532, 119551
 533, 119536
 534, 119543
 535, 119505
 536, 119565
 537, 119527
 538, 119530
 539, 119498
 540, 119532
 541, 119502
 542, 119505
 543, 119510
 544, 119524
 545, 119530
 546, 119450
 547, 119494
 548, 119504
 549, 119518
 550, 119519
 551, 119517
 552, 119459
 553, 119497
 554, 119494
 555, 119495
 556, 119463
 557, 119519
 558, 119489
 559, 119517
 560, 119487
 561, 119513
 562, 119460
 563, 119512
 564, 119472
 565, 119440
 566, 119437
 567, 119489
 568, 119442
 569, 119463
 570, 119417
 571, 119484
 572, 119437
 573, 119450
 574, 119481
 575, 119462
 576, 119439
 577, 119463
 578, 119414
 579, 119471
 580, 119428
 581, 119429
 582, 119415
 583, 119452
 584, 119390
 585, 119422
 586, 119449
 587, 119393
 588, 119426
 589, 119392
 590, 119453
 591, 119398
 592, 119440
 593, 119397
 594, 119424
 595, 119359
 596, 119416
 597, 119364
 598, 119416
 599, 119417
 600, 119436
 601, 119410
 602, 119387
 603, 119385
 604, 119438
 605, 119378
 606, 119401
 607, 119400
 608, 119415
 609, 119365
 610, 119354
 611, 119370
 612, 119371
 613, 119339
 614, 119379
 615, 119336
 616, 119389
 617, 119351
 618, 119400
 619, 119333
 620, 119376
 621, 119359
 622, 119355
 623, 119325
 624, 119365
 625, 119371
 626, 119409
 627, 119311
 628, 119357
 629, 119295
 630, 119328
 631, 119307
 632, 119338
 633, 119302
 634, 119317
 635, 119314
 636, 119340
 637, 119315
 638, 119342
 639, 119289
 640, 119340
 641, 119288
 642, 119301
 643, 119275
 644, 119343
 645, 119283
 646, 119318
 647, 119282
 648, 119300
 649, 119288
 650, 119346
 651, 119244
 652, 119283
 653, 119286
 654, 119302
 655, 119275
 656, 119269
 657, 119258
 658, 119315
 659, 119244
 660, 119298
 661, 119272
 662, 119251
 663, 119262
 664, 119301
 665, 119247
 666, 119278
 667, 119257
 668, 119251
 669, 119248
 670, 119248
 671, 119254
 672, 119251
 673, 119250
 674, 119207
 675, 119247
 676, 119215
 677, 119254
 678, 119223
 679, 119228
 680, 119271
 681, 119175
 682, 119228
 683, 119212
 684, 119239
 685, 119221
 686, 119222
 687, 119194
 688, 119194
 689, 119146
 690, 119213
 691, 119173
 692, 119202
 693, 119172
 694, 119213
 695, 119207
 696, 119165
 697, 119195
 698, 119186
 699, 119206
 700, 119155
 701, 119169
 702, 119179
 703, 119176
 704, 119183
 705, 119107
 706, 119186
 707, 119156
 708, 119193
 709, 119156
 710, 119140
 711, 119133
 712, 119173
 713, 119136
 714, 119170
 715, 119131
 716, 119145
 717, 119118
 718, 119171
 719, 119146
 720, 119165
 721, 119149
 722, 119146
 723, 119103
 724, 119158
 725, 119091
 726, 119137
 727, 119129
 728, 119162
 729, 119091
 730, 119142
 731, 119111
 732, 119116
 733, 119084
 734, 119128
 735, 119105
 736, 119132
 737, 119108
 738, 119089
 739, 119066
 740, 119133
 741, 119091
 742, 119089
 743, 119046
 744, 119105
 745, 119083
 746, 119087
 747, 119079
 748, 119095
 749, 119043
 750, 119095
 751, 119047
 752, 119063
 753, 119053
 754, 119087
 755, 119027
 756, 119092
 757, 119071
 758, 119063
 759, 119035
 760, 119061
 761, 119039
 762, 119044
 763, 119037
 764, 119041
 765, 119021
 766, 119062
 767, 119061
 768, 119017
 769, 119054
 770, 118987
 771, 119060
 772, 119025
 773, 119047
 774, 118980
 775, 119066
 776, 118998
 777, 119033
 778, 118977
 779, 119008
 780, 119010
 781, 118989
 782, 118982
 783, 118994
 784, 118978
 785, 119021
 786, 118976
 787, 118977
 788, 118964
 789, 118996
 790, 118989
 791, 118975
 792, 118978
 793, 118992
 794, 118968
 795, 119003
 796, 118986
 797, 118987
 798, 118973
 799, 118989
 800, 118951
 801, 119003
 802, 118937
 803, 119003
 804, 118960
 805, 118976
 806, 118950
 807, 118988
 808, 118961
 809, 118959
 810, 118961
 811, 118941
 812, 118919
 813, 118902
 814, 118950
 815, 118919
 816, 118943
 817, 118932
 818, 118934
 819, 118933
 820, 118948
 821, 118929
 822, 118921
 823, 118908
 824, 118905
 825, 118868
 826, 118963
 827, 118878
 828, 118929
 829, 118873
 830, 118949
 831, 118872
 832, 118911
 833, 118855
 834, 118934
 835, 118887
 836, 118916
 837, 118886
 838, 118880
 839, 118876
 840, 118884
 841, 118876
 842, 118894
 843, 118847
 844, 118903
 845, 118851
 846, 118876
 847, 118856
 848, 118897
 849, 118880
 850, 118878
 851, 118861
 852, 118862
 853, 118915
 854, 118826
 855, 118858
 856, 118833
 857, 118838
 858, 118844
 859, 118849
 860, 118781
 861, 118866
 862, 118796
 863, 118868
 864, 118794
 865, 118844
 866, 118795
 867, 118851
 868, 118770
 869, 118811
 870, 118821
 871, 118832
 872, 118798
 873, 118825
 874, 118777
 875, 118829
 876, 118817
 877, 118806
 878, 118775
 879, 118800
 880, 118757
 881, 118800
 882, 118763
 883, 118811
 884, 118770
 885, 118773
 886, 118745
 887, 118765
 888, 118752
 889, 118767
 890, 118759
 891, 118805
 892, 118737
 893, 118789
 894, 118749
 895, 118756
 896, 118767
 897, 118749
 898, 118742
 899, 118759
 900, 118764
 901, 118773
 902, 118725
 903, 118771
 904, 118779
 905, 118723
 906, 118757
 907, 118721
 908, 118765
 909, 118726
 910, 118736
 911, 118740
 912, 118715
 913, 118665
 914, 118753
 915, 118707
 916, 118716
 917, 118688
 918, 118718
 919, 118691
 920, 118711
 921, 118696
 922, 118704
 923, 118689
 924, 118724
 925, 118669
 926, 118702
 927, 118694
 928, 118747
 929, 118689
 930, 118709
 931, 118650
 932, 118697
 933, 118673
 934, 118689
 935, 118681
 936, 118657
 937, 118654
 938, 118671
 939, 118666
 940, 118682
 941, 118656
 942, 118687
 943, 118630
 944, 118642
 945, 118654
 946, 118664
 947, 118655
 948, 118639
 949, 118632
 950, 118611
 951, 118668
 952, 118625
 953, 118664
 954, 118679
 955, 118686
 956, 118615
 957, 118631
 958, 118601
 959, 118633
 960, 118598
 961, 118624
 962, 118626
 963, 118612
 964, 118590
 965, 118632
 966, 118591
 967, 118623
 968, 118565
 969, 118611
 970, 118580
 971, 118595
 972, 118594
 973, 118593
 974, 118574
 975, 118588
 976, 118557
 977, 118586
 978, 118579
 979, 118589
 980, 118566
 981, 118595
 982, 118557
 983, 118584
 984, 118555
 985, 118577
 986, 118541
 987, 118561
 988, 118558
 989, 118588
 990, 118556
 991, 118542
 992, 118561
 993, 118579
 994, 118516
 995, 118568
 996, 118541
 997, 118586
 998, 118532
 999, 118546
 1000, 118540
 1001, 118550
 1002, 118529
 1003, 118535
 1004, 118508
 1005, 118521
 1006, 118519
 1007, 118523
 1008, 118521
 1009, 118531
 1010, 118505
 1011, 118528
 1012, 118522
 1013, 118539
 1014, 118487
 1015, 118529
 1016, 118499
 1017, 118550
 1018, 118490
 1019, 118532
 1020, 118507
 1021, 118494
 1022, 118517
 1023, 118503
 1024, 118464
 1025, 118475
 1026, 118442
 1027, 118465
 1028, 118473
 1029, 118485
 1030, 118498
 1031, 118501
 1032, 118433
 1033, 118504
 1034, 118445
 1035, 118435
 1036, 118505
 1037, 118442
 1038, 118466
 1039, 118444
 1040, 118472
 1041, 118461
 1042, 118428
 1043, 118464
 1044, 118439
 1045, 118454
 1046, 118453
 1047, 118440
 1048, 118433
 1049, 118448
 1050, 118426
 1051, 118444
 1052, 118424
 1053, 118430
 1054, 118418
 1055, 118417
 1056, 118370
 1057, 118433
 1058, 118451
 1059, 118442
 1060, 118358
 1061, 118406
 1062, 118383
 1063, 118429
 1064, 118393
 1065, 118405
 1066, 118387
 1067, 118422
 1068, 118367
 1069, 118406
 1070, 118381
 1071, 118402
 1072, 118380
 1073, 118419
 1074, 118351
 1075, 118368
 1076, 118370
 1077, 118419
 1078, 118338
 1079, 118382
 1080, 118382
 1081, 118364
 1082, 118343
 1083, 118369
 1084, 118343
 1085, 118387
 1086, 118376
 1087, 118366
 1088, 118334
 1089, 118368
 1090, 118319
 1091, 118356
 1092, 118326
 1093, 118351
 1094, 118320
 1095, 118369
 1096, 118320
 1097, 118359
 1098, 118317
 1099, 118348
 1100, 118319
 1101, 118336
 1102, 118311
 1103, 118329
 1104, 118284
 1105, 118338
 1106, 118294
 1107, 118305
 1108, 118303
 1109, 118290
 1110, 118264
 1111, 118303
 1112, 118300
 1113, 118304
 1114, 118280
 1115, 118310
 1116, 118276
 1117, 118285
 1118, 118259
 1119, 118284
 1120, 118233
 1121, 118292
 1122, 118284
 1123, 118309
 1124, 118274
 1125, 118251
 1126, 118257
 1127, 118278
 1128, 118253
 1129, 118247
 1130, 118294
 1131, 118251
 1132, 118267
 1133, 118249
 1134, 118261
 1135, 118257
 1136, 118257
 1137, 118230
 1138, 118242
 1139, 118250
 1140, 118268
 1141, 118223
 1142, 118242
 1143, 118231
 1144, 118233
 1145, 118206
 1146, 118215
 1147, 118243
 1148, 118215
 1149, 118234
 1150, 118241
 1151, 118187
 1152, 118245
 1153, 118202
 1154, 118217
 1155, 118200
 1156, 118212
 1157, 118204
 1158, 118201
 1159, 118182
 1160, 118197
 1161, 118175
 1162, 118196
 1163, 118157
 1164, 118172
 1165, 118158
 1166, 118189
 1167, 118208
 1168, 118206
 1169, 118162
 1170, 118178
 1171, 118168
 1172, 118165
 1173, 118213
 1174, 118165
 1175, 118163
 1176, 118173
 1177, 118198
 1178, 118163
 1179, 118187
 1180, 118142
 1181, 118152
 1182, 118136
 1183, 118169
 1184, 118145
 1185, 118179
 1186, 118149
 1187, 118180
 1188, 118131
 1189, 118156
 1190, 118136
 1191, 118134
 1192, 118125
 1193, 118109
 1194, 118109
 1195, 118128
 1196, 118074
 1197, 118130
 1198, 118123
 1199, 118147
 1200, 118101
 1201, 118114
 1202, 118094
 1203, 118105
 1204, 118103
 1205, 118135
 1206, 118083
 1207, 118129
 1208, 118092
 1209, 118116
 1210, 118113
 1211, 118115
 1212, 118080
 1213, 118115
 1214, 118091
 1215, 118097
 1216, 118067
 1217, 118070
 1218, 118083
 1219, 118084
 1220, 118118
 1221, 118047
 1222, 118079
 1223, 118066
 1224, 118064
 1225, 118026
 1226, 118063
 1227, 118044
 1228, 118053
 1229, 118057
 1230, 118056
 1231, 118043
 1232, 118064
 1233, 118043
 1234, 118035
 1235, 118040
 1236, 118064
 1237, 118019
 1238, 118037
 1239, 118037
 1240, 118028
 1241, 117985
 1242, 118061
 1243, 118031
 1244, 118028
 1245, 118009
 1246, 118029
 1247, 118026
 1248, 118025
 1249, 118023
 1250, 118027
 1251, 117983
 1252, 118002
 1253, 118007
 1254, 118041
 1255, 117970
 1256, 118020
 1257, 117987
 1258, 118012
 1259, 117962
 1260, 117994
 1261, 117985
 1262, 117995
 1263, 117952
 1264, 117950
 1265, 117978
 1266, 117940
 1267, 117998
 1268, 117941
 1269, 117998
 1270, 117943
 1271, 118010
 1272, 117946
 1273, 117960
 1274, 117927
 1275, 117970
 1276, 117924
 1277, 117983
 1278, 117942
 1279, 117941
 1280, 117923
 1281, 117979
 1282, 117943
 1283, 117926
 1284, 117925
 1285, 117936
 1286, 117932
 1287, 117946
 1288, 117945
 1289, 117944
 1290, 117902
 1291, 117952
 1292, 117929
 1293, 117925
 1294, 117866
 1295, 117931
 1296, 117909
 1297, 117911
 1298, 117889
 1299, 117920
 1300, 117894
 1301, 117945
 1302, 117868
 1303, 117902
 1304, 117870
 1305, 117918
 1306, 117872
 1307, 117925
 1308, 117867
 1309, 117865
 1310, 117875
 1311, 117876
 1312, 117896
 1313, 117847
 1314, 117883
 1315, 117847
 1316, 117869
 1317, 117863
 1318, 117884
 1319, 117856
 1320, 117877
 1321, 117841
 1322, 117871
 1323, 117801
 1324, 117878
 1325, 117834
 1326, 117860
 1327, 117819
 1328, 117867
 1329, 117823
 1330, 117854
 1331, 106770
 1332, 129881
 1333, 129932
 1334, 129922
 1335, 129887
 1336, 129884
 1337, 129931
 1338, 129892
 1339, 129872
 1340, 129893
 1341, 129892
 1342, 129895
 1343, 129894
 1344, 129933
 1345, 129888
 1346, 129889
 1347, 129880
 1348, 129895
 1349, 129910
 1350, 129891
 1351, 129902
 1352, 129876
 1353, 129894
 1354, 129868
 1355, 129881
 1356, 129890
 1357, 129880
 1358, 129887
 1359, 129884
 1360, 129859
 1361, 129879
 1362, 129911
 1363, 129864
 1364, 129902
 1365, 129897
 1366, 129878
 1367, 129908
 1368, 129865
 1369, 129873
 1370, 129879
 1371, 129865
 1372, 129868
 1373, 129903
 1374, 129880
 1375, 129892
 1376, 129854
 1377, 129855
 1378, 129852
 1379, 129869
 1380, 129879
 1381, 129882
 1382, 129825
 1383, 129855
 1384, 129853
 1385, 129862
 1386, 129846
 1387, 129842
 1388, 129873
 1389, 129833
 1390, 129850
 1391, 129824
 1392, 129846
 1393, 129870
 1394, 129867
 1395, 129833
 1396, 129829
 1397, 129809
 1398, 129869
 1399, 129876
 1400, 129837
 1401, 129849
 1402, 129835
 1403, 129845
 1404, 129866
 1405, 129816
 1406, 129832
 1407, 129844
 1408, 129875
 1409, 129851
 1410, 129862
 1411, 129779
 1412, 129795
 1413, 129814
 1414, 129804
 1415, 129827
 1416, 129797
 1417, 129808
 1418, 129840
 1419, 129807
 1420, 129814
 1421, 129837
 1422, 129830
 1423, 129795
 1424, 129801
 1425, 129817
 1426, 129832
 1427, 129800
 1428, 129814
 1429, 129796
 1430, 129795
 1431, 129790
 1432, 129802
 1433, 129831
 1434, 129834
 1435, 129817
 1436, 129815
 1437, 129827
 1438, 129819
 1439, 129835
 1440, 129793
 1441, 129796
 1442, 129787
 1443, 129789
 1444, 129787
 1445, 129804
 1446, 129778
 1447, 129818
 1448, 129795
 1449, 129824
 1450, 129797
 1451, 129792
 1452, 129800
 1453, 129806
 1454, 129790
 1455, 129776
 1456, 129772
 1457, 129751
 1458, 129747
 1459, 129780
 1460, 129778
 1461, 129802
 1462, 129773
 1463, 129777
 1464, 129756
 1465, 129780
 1466, 129758
 1467, 129801
 1468, 129789
 1469, 129759
 1470, 129759
 1471, 129759
 1472, 129780
 1473, 129772
 1474, 129710
 1475, 129793
 1476, 129734
 1477, 129756
 1478, 129763
 1479, 129758
 1480, 129771
 1481, 129753
 1482, 129741
 1483, 129734
 1484, 129756
 1485, 129744
 1486, 129789
 1487, 129725
 1488, 129715
 1489, 129736
 1490, 129758
 1491, 129776
 1492, 129739
 1493, 129767
 1494, 129765
 1495, 129734
 1496, 129751
 1497, 129740
 1498, 129733
 1499, 129722
 1500, 129741
 1501, 129710
 1502, 129693
 1503, 129729
 1504, 129696
 1505, 129721
 1506, 129743
 1507, 129732
 1508, 129720
 1509, 129739
 1510, 129728
 1511, 129684
 1512, 129743
 1513, 129744
 1514, 129730
 1515, 129698
 1516, 129713
 1517, 129743
 1518, 129701
 1519, 129714
 1520, 129725
 1521, 129697
 1522, 129712
 1523, 129711
 1524, 129725
 1525, 129725
 1526, 129691
 1527, 129737
 1528, 129701
 1529, 129733
 1530, 129696
 1531, 129704
 1532, 129678
 1533, 129698
 1534, 129722
 1535, 129668
 1536, 129714
 1537, 129701
 1538, 129698
 1539, 129718
 1540, 129675
 1541, 129661
 1542, 129721
 1543, 129727
 1544, 129668
 1545, 129688
 1546, 129717
 1547, 129672
 1548, 129706
 1549, 129712
 1550, 129677
 1551, 129686
 1552, 129682
 1553, 129673
 1554, 129669
 1555, 129675
 1556, 129638
 1557, 129680
 1558, 129712
 1559, 129666
 1560, 129712
 1561, 129652
 1562, 129706
 1563, 129691
 1564, 129686
 1565, 129685
 1566, 129717
 1567, 129649
 1568, 129686
 1569, 129670
 1570, 129673
 1571, 129670
 1572, 129706
 1573, 129655
 1574, 129655
 1575, 129684
 1576, 129706
 1577, 129644
 1578, 129662
 1579, 129635
 1580, 129673
 1581, 129681
 1582, 129665
 1583, 129662
 1584, 129612
 1585, 129627
 1586, 129678
 1587, 129676
 1588, 129640
 1589, 129672
 1590, 129659
 1591, 129658
 1592, 129655
 1593, 129657
 1594, 129631
 1595, 129623
 1596, 129641
 1597, 129614
 1598, 129652
 1599, 129665
 1600, 129639
 1601, 129624
 1602, 129640
 1603, 129613
 1604, 129626
 1605, 129658
 1606, 129624
 1607, 129646
 1608, 129631
 1609, 129637
 1610, 129597
 1611, 129618
 1612, 129610
 1613, 129659
 1614, 129651
 1615, 129630
 1616, 129648
 1617, 129599
 1618, 129617
 1619, 129622
 1620, 129611
 1621, 129628
 1622, 129623
 1623, 129635
 1624, 129633
 1625, 129644
 1626, 129624
 1627, 129611
 1628, 129618
 1629, 129608
 1630, 129626
 1631, 129648
 1632, 129633
 1633, 129626
 1634, 129606
 1635, 129659
 1636, 129619
 1637, 129603
 1638, 129635
 1639, 129596
 1640, 129593
 1641, 129593
 1642, 129576
 1643, 129582
 1644, 129608
 1645, 129632
 1646, 129565
 1647, 129602
 1648, 129617
 1649, 129591
 1650, 129576
 1651, 129617
 1652, 129595
 1653, 129579
 1654, 129600
 1655, 129590
 1656, 129605
 1657, 129576
 1658, 129609
 1659, 129576
 1660, 129593
 1661, 129572
 1662, 129566
 1663, 129609
 1664, 129581
 1665, 129580
 1666, 129591
 1667, 129559
 1668, 129578
 1669, 129593
 1670, 129575
 1671, 129573
 1672, 129585
 1673, 129560
 1674, 129581
 1675, 129567
 1676, 129578
 1677, 129558
 1678, 129536
 1679, 129573
 1680, 129585
 1681, 129565
 1682, 129587
 1683, 129577
 1684, 129568
 1685, 129581
 1686, 129588
 1687, 129529
 1688, 129567
 1689, 129561
 1690, 129520
 1691, 129550
 1692, 129569
 1693, 129563
 1694, 129573
 1695, 129563
 1696, 129535
 1697, 129554
 1698, 129587
 1699, 129579
 1700, 129543
 1701, 129555
 1702, 129550
 1703, 129564
 1704, 129555
 1705, 129532
 1706, 129539
 1707, 129575
 1708, 129572
 1709, 129523
 1710, 129558
 1711, 129522
 1712, 129542
 1713, 129544
 1714, 129532
 1715, 129546
 1716, 129542
 1717, 129563
 1718, 129528
 1719, 129531
 1720, 129548
 1721, 129536
 1722, 129528
 1723, 129563
 1724, 129532
 1725, 129544
 1726, 129519
 1727, 129523
 1728, 129545
 1729, 129516
 1730, 129532
 1731, 129552
 1732, 129518
 1733, 129495
 1734, 129490
 1735, 129539
 1736, 129525
 1737, 129505
 1738, 129493
 1739, 129528
 1740, 129496
 1741, 129505
 1742, 129503
 1743, 129513
 1744, 129518
 1745, 129524
 1746, 129521
 1747, 129515
 1748, 129496
 1749, 129502
 1750, 129479
 1751, 129462
 1752, 129506
 1753, 129521
 1754, 129498
 1755, 129522
 1756, 129473
 1757, 129507
 1758, 129496
 1759, 129485
 1760, 129520
 1761, 129483
 1762, 129495
 1763, 129493
 1764, 129490
 1765, 129481
 1766, 129477
 1767, 129487
 1768, 129484
 1769, 129474
 1770, 129505
 1771, 129492
 1772, 129482
 1773, 129474
 1774, 129458
 1775, 129516
 1776, 129483
 1777, 129484
 1778, 129484
 1779, 129478
 1780, 129463
 1781, 129504
 1782, 129460
 1783, 129471
 1784, 129447
 1785, 129483
 1786, 129471
 1787, 129464
 1788, 129472
 1789, 129457
 1790, 129458
 1791, 129454
 1792, 129467
 1793, 129452
 1794, 129458
 1795, 129453
 1796, 129472
 1797, 129469
 1798, 129439
 1799, 129453
 1800, 129497
 1801, 129437
 1802, 129433
 1803, 129454
 1804, 129423
 1805, 129482
 1806, 129430
 1807, 129469
 1808, 129479
 1809, 129440
 1810, 129459
 1811, 129452
 1812, 129445
 1813, 129436
 1814, 129460
 1815, 129473
 1816, 129452
 1817, 129431
 1818, 129477
 1819, 129450
 1820, 129433
 1821, 129462
 1822, 129457
 1823, 129429
 1824, 129417
 1825, 129452
 1826, 129398
 1827, 129462
 1828, 129453
 1829, 129434
 1830, 129432
 1831, 129441
 1832, 129457
 1833, 129397
 1834, 129429
 1835, 129422
 1836, 129433
 1837, 129419
 1838, 129423
 1839, 129425
 1840, 129425
 1841, 129421
 1842, 129433
 1843, 129409
 1844, 129426
 1845, 129432
 1846, 129409
 1847, 129441
 1848, 129392
 1849, 129411
 1850, 129404
 1851, 129399
 1852, 129385
 1853, 129395
 1854, 129448
 1855, 129396
 1856, 129414
 1857, 129414
 1858, 129398
 1859, 129413
 1860, 129407
 1861, 129444
 1862, 129442
 1863, 129431
 1864, 129415
 1865, 129389
 1866, 129409
 1867, 129415
 1868, 129404
 1869, 129410
 1870, 129418
 1871, 129391
 1872, 129398
 1873, 129390
 1874, 129384
 1875, 129413
 1876, 129392
 1877, 129367
 1878, 129387
 1879, 129392
 1880, 129410
 1881, 129378
 1882, 129380
 1883, 129377
 1884, 129396
 1885, 129384
 1886, 129384
 1887, 129381
 1888, 129376
 1889, 129374
 1890, 129355
 1891, 129440
 1892, 129365
 1893, 129370
 1894, 129358
 1895, 129371
 1896, 129386
 1897, 129358
 1898, 129385
 1899, 129359
 1900, 129366
 1901, 129349
 1902, 129398
 1903, 129389
 1904, 129359
 1905, 129365
 1906, 129347
 1907, 129370
 1908, 129327
 1909, 129379
 1910, 129335
 1911, 129367
 1912, 129363
 1913, 129330
 1914, 129336
 1915, 129324
 1916, 129336
 1917, 129359
 1918, 129359
 1919, 129339
 1920, 129365
 1921, 129337
 1922, 129310
 1923, 129334
 1924, 129351
 1925, 129356
 1926, 129316
 1927, 129332
 1928, 129357
 1929, 129356
 1930, 129346
 1931, 129331
 1932, 129343
 1933, 129332
 1934, 129372
 1935, 129325
 1936, 129351
 1937, 129314
 1938, 129317
 1939, 129339
 1940, 129305
 1941, 129322
 1942, 129322
 1943, 129317
 1944, 129317
 1945, 129321
 1946, 129305
 1947, 129331
 1948, 129355
 1949, 129325
 1950, 129307
 1951, 129312
 1952, 129328
 1953, 129296
 1954, 129323
 1955, 129329
 1956, 129279
 1957, 129315
 1958, 129316
 1959, 129333
 1960, 129321
 1961, 129318
 1962, 129313
 1963, 129337
 1964, 129312
 1965, 129325
 1966, 129325
 1967, 129317
 1968, 129304
 1969, 129300
 1970, 129308
 1971, 129320
 1972, 129291
 1973, 129297
 1974, 129277
 1975, 129266
 1976, 129311
 1977, 129287
 1978, 129291
 1979, 129288
 1980, 129292
 1981, 129288
 1982, 129285
 1983, 129270
 1984, 129306
 1985, 129268
 1986, 129301
 1987, 129254
 1988, 129285
 1989, 129263
 1990, 129295
 1991, 129305
 1992, 129272
 1993, 129298
 1994, 129292
 1995, 129293
 1996, 129273
 1997, 129296
 1998, 129289
 1999, 129294
 2000, 129308
 2001, 129275
 2002, 129271
 2003, 129247
 2004, 129259
 2005, 129270
 2006, 129276
 2007, 129270
 2008, 129260
 2009, 129260
 2010, 129280
 2011, 129254
 2012, 129244
 2013, 129242
 2014, 129247
 2015, 129247
 2016, 129245
 2017, 129265
 2018, 129254
 2019, 129255
 2020, 129271
 2021, 129261
 2022, 129231
 2023, 129249
 2024, 129221
 2025, 129248
 2026, 129272
 2027, 129241
 2028, 129214
 2029, 129272
 2030, 129219
 2031, 129251
 2032, 129217
 2033, 129236
 2034, 129273
 2035, 129259
 2036, 129213
 2037, 129238
 2038, 129261
 2039, 129228
 2040, 129248
 2041, 129250
 2042, 129255
 2043, 129263
 2044, 129232
 2045, 129264
 2046, 129219
 2047, 129239
 2048, 129239
 2049, 129250
 2050, 129243
 2051, 129222
 2052, 129245
 2053, 129223
 2054, 129243
 2055, 129194
 2056, 129254
 2057, 129233
 2058, 129239
 2059, 129224
 2060, 129211
 2061, 129206
 2062, 123171
 2063, 101461
 2064, 101493
 2065, 101460
 2066, 101466
 2067, 101471
 2068, 101450
 2069, 101454
 2070, 101441
 2071, 101436
 2072, 101438
 2073, 101437
 2074, 101451
 2075, 101446
 2076, 101441
 2077, 101431
 2078, 101445
 2079, 101414
 2080, 101444
 2081, 101441
 2082, 101453
 2083, 101385
 2084, 101424
 2085, 101419
 2086, 101396
 2087, 101385
 2088, 101426
 2089, 101372
 2090, 101411
 2091, 101418
 2092, 101402
 2093, 101389
 2094, 101397
 2095, 101378
 2096, 101409
 2097, 101364
 2098, 101410
 2099, 101388
 2100, 101355
 2101, 101371
 2102, 101374
 2103, 101356
 2104, 101343
 2105, 101338
 2106, 101356
 2107, 101364
 2108, 101329
 2109, 101325
 2110, 101356
 2111, 101319
 2112, 101333
 2113, 101321
 2114, 101340
 2115, 101370
 2116, 101348
 2117, 101268
 2118, 101336
 2119, 101330
 2120, 101295
 2121, 101325
 2122, 101283
 2123, 101304
 2124, 101319
 2125, 101284
 2126, 101321
 2127, 101263
 2128, 101293
 2129, 101280
 2130, 101293
 2131, 101250
 2132, 101274
 2133, 101281
 2134, 101312
 2135, 101261
 2136, 101255
 2137, 101245
 2138, 101279
 2139, 101248
 2140, 101252
 2141, 101216
 2142, 101266
 2143, 101252
 2144, 101213
 2145, 101219
 2146, 101244
 2147, 101216
 2148, 101236
 2149, 101161
 2150, 101220
 2151, 101213
 2152, 101198
 2153, 101221
 2154, 101225
 2155, 101228
 2156, 101237
 2157, 101176
 2158, 101252
 2159, 101225
 2160, 101208
 2161, 101183
 2162, 101181
 2163, 101215
 2164, 101186
 2165, 101213
 2166, 101173
 2167, 101179
 2168, 101163
 2169, 101181
 2170, 101145
 2171, 101177
 2172, 101147
 2173, 101155
 2174, 101155
 2175, 101156
 2176, 101137
 2177, 101159
 2178, 101123
 2179, 101175
 2180, 101133
 2181, 101142
 2182, 101120
 2183, 101138
 2184, 101143
 2185, 101166
 2186, 101093
 2187, 101136
 2188, 101101
 2189, 101111
 2190, 101096
 2191, 101110
 2192, 101073
 2193, 101090
 2194, 101094
 2195, 101083
 2196, 101084
 2197, 101102
 2198, 101079
 2199, 101102
 2200, 101070
 2201, 101099
 2202, 101061
 2203, 101065
 2204, 101087
 2205, 101095
 2206, 101036
 2207, 101036
 2208, 101045
 2209, 101095
 2210, 101062
 2211, 101040
 2212, 101055
 2213, 101054
 2214, 101034
 2215, 101028
 2216, 101077
 2217, 101013
 2218, 101033
 2219, 100996
 2220, 101036
 2221, 101029
 2222, 101028
 2223, 101002
 2224, 101012
 2225, 100996
 2226, 101016
 2227, 100980
 2228, 100987
 2229, 100970
 2230, 101005
 2231, 100950
 2232, 100998
 2233, 100959
 2234, 100991
 2235, 100986
 2236, 101022
 2237, 100952
 2238, 100976
 2239, 100971
 2240, 100979
 2241, 100971
 2242, 101004
 2243, 100945
 2244, 100960
 2245, 100927
 2246, 100967
 2247, 100939
 2248, 100959
 2249, 100919
 2250, 100949
 2251, 100941
 2252, 100931
 2253, 100926
 2254, 100949
 2255, 100953
 2256, 100900
 2257, 100928
 2258, 100889
 2259, 100946
 2260, 100901
 2261, 100919
 2262, 100890
 2263, 100915
 2264, 100863
 2265, 100926
 2266, 100913
 2267, 100916
 2268, 100899
 2269, 100896
 2270, 100893
 2271, 100916
 2272, 100881
 2273, 100900
 2274, 100866
 2275, 100897
 2276, 100874
 2277, 100882
 2278, 100870
 2279, 100860
 2280, 100855
 2281, 100830
 2282, 100849
 2283, 100873
 2284, 100809
 2285, 100865
 2286, 100862
 2287, 100846
 2288, 100836
 2289, 100832
 2290, 100823
 2291, 100829
 2292, 100819
 2293, 100838
 2294, 100806
 2295, 100818
 2296, 100822
 2297, 100806
 2298, 100803
 2299, 100798
 2300, 100811
 2301, 100798
 2302, 100797
 2303, 100803
 2304, 100799
 2305, 100791
 2306, 100794
 2307, 100774
 2308, 100790
 2309, 100796
 2310, 100727
 2311, 100758
 2312, 100767
 2313, 100753
 2314, 100798
 2315, 100753
 2316, 100728
 2317, 100751
 2318, 100753
 2319, 100723
 2320, 100760
 2321, 100730
 2322, 100738
 2323, 100718
 2324, 100738
 2325, 100724
 2326, 100747
 2327, 100730
 2328, 100719
 2329, 100690
 2330, 100707
 2331, 100693
 2332, 100696
 2333, 100692
 2334, 100718
 2335, 100687
 2336, 100670
 2337, 100707
 2338, 100690
 2339, 100673
 2340, 100707
 2341, 100675
 2342, 100681
 2343, 100662
 2344, 100663
 2345, 100653
 2346, 100689
 2347, 100677
 2348, 100668
 2349, 100664
 2350, 100640
 2351, 100647
 2352, 100633
 2353, 100669
 2354, 100608
 2355, 100657
 2356, 100637
 2357, 100637
 2358, 100628
 2359, 100634
 2360, 100609
 2361, 100632
 2362, 100631
 2363, 100638
 2364, 100593
 2365, 100604
 2366, 100601
 2367, 100601
 2368, 100599
 2369, 100608
 2370, 100580
 2371, 100609
 2372, 100577
 2373, 100589
 2374, 100563
 2375, 100566
 2376, 100590
 2377, 100590
 2378, 100542
 2379, 100595
 2380, 100580
 2381, 100583
 2382, 100547
 2383, 100591
 2384, 100521
 2385, 100546
 2386, 100523
 2387, 100588
 2388, 100511
 2389, 100531
 2390, 100541
 2391, 100532
 2392, 100550
 2393, 100531
 2394, 100567
 2395, 100500
 2396, 100542
 2397, 100493
 2398, 100544
 2399, 100515
 2400, 100533
 2401, 100515
 2402, 100519
 2403, 100486
 2404, 100545
 2405, 100489
 2406, 100516
 2407, 100503
 2408, 100495
 2409, 100467
 2410, 100486
 2411, 100502
 2412, 100487
 2413, 100474
 2414, 100487
 2415, 100461
 2416, 100499
 2417, 100430
 2418, 100490
 2419, 100416
 2420, 100468
 2421, 100454
 2422, 100501
 2423, 100449
 2424, 100478
 2425, 100428
 2426, 100459
 2427, 100437
 2428, 100475
 2429, 100412
 2430, 100493
 2431, 100425
 2432, 100462
 2433, 100429
 2434, 100443
 2435, 100437
 2436, 100413
 2437, 100416
 2438, 100439
 2439, 100407
 2440, 100434
 2441, 100376
 2442, 100387
 2443, 100391
 2444, 100391
 2445, 100397
 2446, 100395
 2447, 100368
 2448, 100395
 2449, 100361
 2450, 100352
 2451, 100379
 2452, 100396
 2453, 100382
 2454, 100402
 2455, 100350
 2456, 100382
 2457, 100363
 2458, 100372
 2459, 100340
 2460, 100375
 2461, 100355
 2462, 100371
 2463, 100355
 2464, 100348
 2465, 100352
 2466, 100363
 2467, 100305
 2468, 100360
 2469, 100303
 2470, 100334
 2471, 100300
 2472, 100341
 2473, 100301
 2474, 100325
 2475, 100306
 2476, 100314
 2477, 100314
 2478, 100319
 2479, 100304
 2480, 100279
 2481, 100300
 2482, 100285
 2483, 100319
 2484, 100269
 2485, 100288
 2486, 100312
 2487, 100310
 2488, 100312
 2489, 100278
 2490, 100275
 2491, 100275
 2492, 100271
 2493, 100219
 2494, 100308
 2495, 100267
 2496, 100238
 2497, 100258
 2498, 100260
 2499, 100239
 2500, 100262
 2501, 100213
 2502, 100249
 2503, 100231
 2504, 100274
 2505, 100225
 2506, 100241
 2507, 100226
 2508, 100239
 2509, 100227
 2510, 100231
 2511, 100190
 2512, 100226
 2513, 100205
 2514, 100235
 2515, 100191
 2516, 100209
 2517, 100219
 2518, 100216
 2519, 100189
 2520, 100196
 2521, 100189
 2522, 91540
 2523, 115980
 2524, 116837
 2525, 116831
 2526, 116849
 2527, 116852
 2528, 116850
 2529, 116859
 2530, 116852
 2531, 116823
 2532, 116851
 2533, 116845
 2534, 116874
 2535, 116868
 2536, 116824
 2537, 116828
 2538, 116849
 2539, 116815
 2540, 116840
 2541, 116797
 2542, 116844
 2543, 116804
 2544, 116835
 2545, 116818
 2546, 116817
 2547, 116814
 2548, 116824
 2549, 116771
 2550, 116796
 2551, 116840
 2552, 116827
 2553, 116808
 2554, 116819
 2555, 116821
 2556, 116824
 2557, 116756
 2558, 116778
 2559, 116781
 2560, 116826
 2561, 116789
 2562, 116796
 2563, 116781
 2564, 116818
 2565, 116767
 2566, 116797
 2567, 116800
 2568, 116754
 2569, 116748
 2570, 116774
 2571, 116811
 2572, 116804
 2573, 116747
 2574, 116774
 2575, 116765
 2576, 116759
 2577, 116813
 2578, 116746
 2579, 116772
 2580, 116751
 2581, 116791
 2582, 116758
 2583, 116765
 2584, 116725
 2585, 116772
 2586, 116771
 2587, 116768
 2588, 116716
 2589, 116755
 2590, 116748
 2591, 116794
 2592, 116771
 2593, 116731
 2594, 116770
 2595, 116754
 2596, 116762
 2597, 116718
 2598, 116751
 2599, 116786
 2600, 116727
 2601, 116717
 2602, 116696
 2603, 116741
 2604, 116692
 2605, 116740
 2606, 116698
 2607, 116735
 2608, 116711
 2609, 116712
 2610, 116714
 2611, 116753
 2612, 116684
 2613, 116713
 2614, 116719
 2615, 116729
 2616, 116704
 2617, 116683
 2618, 116736
 2619, 116707
 2620, 116719
 2621, 116681
 2622, 116720
 2623, 116680
 2624, 116704
 2625, 116683
 2626, 116708
 2627, 116675
 2628, 116709
 2629, 116669
 2630, 116697
 2631, 116678
 2632, 116696
 2633, 116669
 2634, 116682
 2635, 116679
 2636, 116679
 2637, 116653
 2638, 116694
 2639, 116659
 2640, 116687
 2641, 116627
 2642, 116681
 2643, 116632
 2644, 116662
 2645, 116657
 2646, 116656
 2647, 116655
 2648, 116637
 2649, 116641
 2650, 116660
 2651, 116649
 2652, 116638
 2653, 116635
 2654, 116643
 2655, 116659
 2656, 116663
 2657, 116649
 2658, 116649
 2659, 116656
 2660, 116671
 2661, 116631
 2662, 116664
 2663, 116622
 2664, 116657
 2665, 116628
 2666, 116625
 2667, 116604
 2668, 116617
 2669, 116664
 2670, 116597
 2671, 116589
 2672, 116600
 2673, 116617
 2674, 116602
 2675, 116626
 2676, 116588
 2677, 116619
 2678, 116621
 2679, 116617
 2680, 116571
 2681, 116630
 2682, 116597
 2683, 116624
 2684, 116584
 2685, 116604
 2686, 116593
 2687, 116625
 2688, 116591
 2689, 116595
 2690, 116567
 2691, 116598
 2692, 116601
 2693, 116590
 2694, 116578
 2695, 116573
 2696, 116588
 2697, 116627
 2698, 116588
 2699, 116567
 2700, 116565
 2701, 116574
 2702, 116562
 2703, 116570
 2704, 116546
 2705, 116578
 2706, 116550
 2707, 116574
 2708, 116547
 2709, 116596
 2710, 116537
 2711, 116507
 2712, 116575
 2713, 116570
 2714, 116607
 2715, 116550
 2716, 116555
 2717, 116533
 2718, 116546
 2719, 116550
 2720, 116573
 2721, 116526
 2722, 116561
 2723, 116541
 2724, 116551
 2725, 116546
 2726, 116535
 2727, 116548
 2728, 116535
 2729, 116533
 2730, 116544
 2731, 116516
 2732, 116538
 2733, 116524
 2734, 116526
 2735, 116521
 2736, 116552
 2737, 116499
 2738, 116529
 2739, 116523
 2740, 116554
 2741, 116508
 2742, 116484
 2743, 116533
 2744, 116556
 2745, 116503
 2746, 116508
 2747, 116491
 2748, 116485
 2749, 116493
 2750, 116529
 2751, 116483
 2752, 116510
 2753, 116488
 2754, 116497
 2755, 116522
 2756, 116527
 2757, 116515
 2758, 116499
 2759, 116525
 2760, 116489
 2761, 116494
 2762, 116480
 2763, 116491
 2764, 116491
 2765, 116539
 2766, 116456
 2767, 116499
 2768, 116451
 2769, 116510
 2770, 116453
 2771, 116489
 2772, 116459
 2773, 116508
 2774, 116447
 2775, 116476
 2776, 116460
 2777, 116469
 2778, 116470
 2779, 116492
 2780, 116440
 2781, 116435
 2782, 116447
 2783, 116474
 2784, 116430
 2785, 116456
 2786, 116430
 2787, 116458
 2788, 116433
 2789, 116464
 2790, 116430
 2791, 116466
 2792, 116439
 2793, 116461
 2794, 116483
 2795, 116453
 2796, 116428
 2797, 116453
 2798, 116420
 2799, 116447
 2800, 116415
 2801, 116439
 2802, 116433
 2803, 116442
 2804, 116417
 2805, 116381
 2806, 116428
 2807, 116406
 2808, 116420
 2809, 116436
 2810, 116430
 2811, 116396
 2812, 116438
 2813, 116390
 2814, 116412
 2815, 116408
 2816, 116414
 2817, 116403
 2818, 116410
 2819, 116379
 2820, 116423
 2821, 116416
 2822, 116418
 2823, 116363
 2824, 116444
 2825, 116413
 2826, 116398
 2827, 116379
 2828, 116376
 2829, 116354
 2830, 116395
 2831, 116375
 2832, 116388
 2833, 116363
 2834, 116390
 2835, 116409
 2836, 116385
 2837, 116368
 2838, 116399
 2839, 116368
 2840, 116368
 2841, 116392
 2842, 116394
 2843, 116375
 2844, 116336
 2845, 116381
 2846, 116362
 2847, 116375
 2848, 116363
 2849, 116387
 2850, 116364
 2851, 116360
 2852, 116371
 2853, 116364
 2854, 116366
 2855, 116309
 2856, 116388
 2857, 116339
 2858, 116347
 2859, 116336
 2860, 116333
 2861, 116332
 2862, 116371
 2863, 116344
 2864, 116343
 2865, 116310
 2866, 116335
 2867, 116334
 2868, 116327
 2869, 116315
 2870, 116332
 2871, 116311
 2872, 116352
 2873, 116324
 2874, 116333
 2875, 116307
 2876, 116346
 2877, 116310
 2878, 116352
 2879, 116327
 2880, 82629
 2881, 82420
 2882, 82418
 2883, 82336
 2884, 82350
 2885, 82343
 2886, 82376
 2887, 82365
 2888, 82359
 2889, 82343
 2890, 82363
 2891, 82354
 2892, 82384
 2893, 82348
 2894, 82374
 2895, 82356
 2896, 82346
 2897, 82339
 2898, 82368
 2899, 82374
 2900, 82327
 2901, 82353
 2902, 82336
 2903, 82336
 2904, 82357
 2905, 82338
 2906, 82321
 2907, 82373
 2908, 82308
 2909, 82326
 2910, 82326
 2911, 82312
 2912, 82317
 2913, 82306
 2914, 82327
 2915, 82317
 2916, 82301
 2917, 82295
 2918, 82279
 2919, 82280
 2920, 82277
 2921, 82303
 2922, 82245
 2923, 82312
 2924, 82305
 2925, 82278
 2926, 82276
 2927, 82242
 2928, 82280
 2929, 82247
 2930, 82290
 2931, 82240
 2932, 82268
 2933, 82222
 2934, 82258
 2935, 82256
 2936, 82257
 2937, 82272
 2938, 82263
 2939, 82243
 2940, 82234
 2941, 82247
 2942, 82264
 2943, 82203
 2944, 82228
 2945, 82234
 2946, 82244
 2947, 82202
 2948, 82265
 2949, 82210
 2950, 82228
 2951, 82244
 2952, 82215
 2953, 82240
 2954, 82189
 2955, 82246
 2956, 82228
 2957, 82153
 2958, 82164
 2959, 82198
 2960, 82203
 2961, 82204
 2962, 82211
 2963, 82182
 2964, 82217
 2965, 82166
 2966, 82213
 2967, 82141
 2968, 82166
 2969, 82188
 2970, 82167
 2971, 82129
 2972, 82176
 2973, 82182
 2974, 82181
 2975, 82140
 2976, 82158
 2977, 82171
 2978, 82159
 2979, 82165
 2980, 82148
 2981, 82127
 2982, 82137
 2983, 82120
 2984, 82095
 2985, 82113
 2986, 82120
 2987, 82149
 2988, 82156
 2989, 82135
 2990, 82103
 2991, 82121
 2992, 82113
 2993, 82140
 2994, 82123
 2995, 82134
 2996, 82105
 2997, 82140
 2998, 82105
 2999, 82135
 3000, 82108
 3001, 82115
 3002, 82109
 3003, 82109
 3004, 82060
 3005, 82114
 3006, 82073
 3007, 82102
 3008, 82091
 3009, 82070
 3010, 82067
 3011, 82080
 3012, 82045
 3013, 82093
 3014, 82072
 3015, 82051
 3016, 82066
 3017, 82058
 3018, 82051
 3019, 82074
 3020, 82061
 3021, 82053
 3022, 82064
 3023, 82048
 3024, 82033
 3025, 82047
 3026, 82031
 3027, 82041
 3028, 82031
 3029, 82027
 3030, 82011
 3031, 81988
 3032, 82023
 3033, 82010
 3034, 82035
 3035, 82010
 3036, 81982
 3037, 81974
 3038, 82025
 3039, 81988
 3040, 81996
 3041, 81959
 3042, 82012
 3043, 82009
 3044, 81996
 3045, 81964
 3046, 81997
 3047, 81996
 3048, 81976
 3049, 81978
 3050, 81968
 3051, 81963
 3052, 81979
 3053, 81938
 3054, 81975
 3055, 81996
 3056, 82005
 3057, 81939
 3058, 81979
 3059, 81912
 3060, 81922
 3061, 81951
 3062, 81962
 3063, 81945
 3064, 81957
 3065, 81968
 3066, 81946
 3067, 81908
 3068, 81921
 3069, 81924
 3070, 81950
 3071, 81908
 3072, 81919
 3073, 81923
 3074, 81905
 3075, 81944
 3076, 81893
 3077, 81935
 3078, 81886
 3079, 81915
 3080, 81873
 3081, 81863
 3082, 81910
 3083, 81912
 3084, 81897
 3085, 81890
 3086, 81877
 3087, 81861
 3088, 81889
 3089, 81905
 3090, 81868
 3091, 81892
 3092, 81884
 3093, 81874
 3094, 81858
 3095, 81854
 3096, 81878
 3097, 81872
 3098, 81841
 3099, 81885
 3100, 81845
 3101, 81866
 3102, 81856
 3103, 81853
 3104, 81858
 3105, 81857
 3106, 81831
 3107, 81879
 3108, 81838
 3109, 81849
 3110, 81816
 3111, 81851
 3112, 81816
 3113, 81867
 3114, 81798
 3115, 81787
 3116, 81821
 3117, 81839
 3118, 81843
 3119, 81805
 3120, 81833
 3121, 81788
 3122, 81825
 3123, 81775
 3124, 81817
 3125, 81799
 3126, 81759
 3127, 81768
 3128, 81765
 3129, 81777
 3130, 81801
 3131, 81773
 3132, 81837
 3133, 81783
 3134, 81771
 3135, 81761
 3136, 81782
 3137, 81748
 3138, 81764
 3139, 81765
 3140, 81793
 3141, 81765
 3142, 81790
 3143, 81747
 3144, 81728
 3145, 81761
 3146, 81758
 3147, 81764
 3148, 81765
 3149, 81745
 3150, 81746
 3151, 81711
 3152, 81715
 3153, 81715
 3154, 81736
 3155, 81692
 3156, 81681
 3157, 81678
 3158, 81745
 3159, 81710
 3160, 81704
 3161, 81713
 3162, 81703
 3163, 81682
 3164, 81715
 3165, 81684
 3166, 81693
 3167, 81707
 3168, 81699
 3169, 81711
 3170, 81666
 3171, 81700
 3172, 81678
 3173, 81686
 3174, 81661
 3175, 81680
 3176, 81677
 3177, 81635
 3178, 81657
 3179, 81673
 3180, 81661
 3181, 81660
 3182, 81674
 3183, 81650
 3184, 81642
 3185, 81653
 3186, 81622
 3187, 81652
 3188, 81615
 3189, 81654
 3190, 81620
 3191, 81668
 3192, 81612
 3193, 81638
 3194, 81585
 3195, 81615
 3196, 81610
 3197, 81607
 3198, 81627
 3199, 81667
 3200, 81596
 3201, 81624
 3202, 81588
 3203, 81609
 3204, 81603
 3205, 81606
 3206, 81549
 3207, 81598
 3208, 81582
 3209, 81588
 3210, 81591
 3211, 81566
 3212, 81576
 3213, 81575
 3214, 81609
 3215, 81552
 3216, 81608
 3217, 81598
 3218, 81618
 3219, 81568
 3220, 81608
 3221, 81586
 3222, 81593
 3223, 81549
 3224, 81550
 3225, 81537
 3226, 81559
 3227, 81543
 3228, 81554
 3229, 81547
 3230, 81525
 3231, 81512
 3232, 81556
 3233, 81516
 3234, 81567
 3235, 81511
 3236, 81552
 3237, 81515
 3238, 81547
 3239, 81514
 3240, 81543
 3241, 81467
 3242, 81534
 3243, 81545
 3244, 81555
 3245, 90619
 3246, 115530
 3247, 115543
 3248, 115516
 3249, 115525
 3250, 115539
 3251, 115513
 3252, 115532
 3253, 115499
 3254, 115543
 3255, 115521
 3256, 115551
 3257, 115509
 3258, 115527
 3259, 115513
 3260, 115530
 3261, 115533
 3262, 115544
 3263, 115512
 3264, 115511
 3265, 115542
 3266, 115532
 3267, 115485
 3268, 115520
 3269, 115482
 3270, 115514
 3271, 115478
 3272, 115518
 3273, 115491
 3274, 115514
 3275, 115505
 3276, 115481
 3277, 115456
 3278, 115492
 3279, 115503
 3280, 115520
 3281, 115465
 3282, 115495
 3283, 115481
 3284, 115482
 3285, 115469
 3286, 115478
 3287, 115466
 3288, 115513
 3289, 115448
 3290, 115470
 3291, 115471
 3292, 115492
 3293, 115466
 3294, 115493
 3295, 115465
 3296, 115427
 3297, 115497
 3298, 115460
 3299, 115479
 3300, 115468
 3301, 115463
 3302, 115493
 3303, 115453
 3304, 115442
 3305, 115449
 3306, 115458
 3307, 115481
 3308, 115442
 3309, 115450
 3310, 115444
 3311, 115413
 3312, 115469
 3313, 115441
 3314, 115476
 3315, 115458
 3316, 115449
 3317, 115390
 3318, 115468
 3319, 115423
 3320, 115470
 3321, 115422
 3322, 115441
 3323, 115420
 3324, 115449
 3325, 115436
 3326, 115455
 3327, 115427
 3328, 115445
 3329, 115431
 3330, 115430
 3331, 115404
 3332, 115446
 3333, 115396
 3334, 115400
 3335, 115399
 3336, 115446
 3337, 115420
 3338, 115395
 3339, 115402
 3340, 115432
 3341, 115397
 3342, 115404
 3343, 115390
 3344, 115374
 3345, 115378
 3346, 115392
 3347, 115381
 3348, 115398
 3349, 115365
 3350, 115374
 3351, 115389
 3352, 115379
 3353, 115361
 3354, 115394
 3355, 115332
 3356, 115369
 3357, 115348
 3358, 115378
 3359, 115351
 3360, 115384
 3361, 115362
 3362, 115359
 3363, 115371
 3364, 115372
 3365, 115355
 3366, 115373
 3367, 115360
 3368, 115387
 3369, 115388
 3370, 115319
 3371, 115346
 3372, 115371
 3373, 115323
 3374, 115348
 3375, 115349
 3376, 115357
 3377, 115337
 3378, 115346
 3379, 115328
 3380, 115335
 3381, 115330
 3382, 115330
 3383, 115322
 3384, 115357
 3385, 115317
 3386, 115328
 3387, 115310
 3388, 115334
 3389, 115323
 3390, 115333
 3391, 115333
 3392, 115296
 3393, 115326
 3394, 115299
 3395, 115305
 3396, 115301
 3397, 115334
 3398, 115318
 3399, 115320
 3400, 115277
 3401, 115310
 3402, 115292
 3403, 115317
 3404, 115275
 3405, 115315
 3406, 115296
 3407, 115318
 3408, 115273
 3409, 115308
 3410, 115300
 3411, 115296
 3412, 115297
 3413, 115279
 3414, 115293
 3415, 115318
 3416, 115272
 3417, 115312
 3418, 115298
 3419, 115281
 3420, 115300
 3421, 115304
 3422, 115307
 3423, 115302
 3424, 115262
 3425, 115261
 3426, 115260
 3427, 115284
 3428, 115251
 3429, 115296
 3430, 115292
 3431, 115278
 3432, 115268
 3433, 115263
 3434, 115258
 3435, 115249
 3436, 115267
 3437, 115284
 3438, 115270
 3439, 115256
 3440, 115271
 3441, 115266
 3442, 115238
 3443, 115223
 3444, 115235
 3445, 115223
 3446, 115238
 3447, 115202
 3448, 115297
 3449, 115218
 3450, 115273
 3451, 115240
 3452, 115252
 3453, 115233
 3454, 115251
 3455, 115225
 3456, 115273
 3457, 115206
 3458, 115238
 3459, 115186
 3460, 115238
 3461, 115202
 3462, 115215
 3463, 115235
 3464, 115235
 3465, 115190
 3466, 115216
 3467, 115215
 3468, 115234
 3469, 115233
 3470, 115225
 3471, 115198
 3472, 115228
 3473, 115219
 3474, 115203
 3475, 115227
 3476, 115200
 3477, 115217
 3478, 115220
 3479, 115186
 3480, 115194
 3481, 115188
 3482, 115213
 3483, 115183
 3484, 115166
 3485, 115223
 3486, 115171
 3487, 115190
 3488, 115170
 3489, 115198
 3490, 115196
 3491, 115199
 3492, 115204
 3493, 115197
 3494, 115153
 3495, 115160
 3496, 115148
 3497, 115169
 3498, 115174
 3499, 115201
 3500, 115173
 3501, 115180
 3502, 115143
 3503, 115156
 3504, 115148
 3505, 115131
 3506, 115172
 3507, 115165
 3508, 115166
 3509, 115163
 3510, 115148
 3511, 115175
 3512, 115181
 3513, 115182
 3514, 115129
 3515, 115170
 3516, 115166
 3517, 115159
 3518, 115137
 3519, 115169
 3520, 115106
 3521, 115164
 3522, 115119
 3523, 115159
 3524, 115137
 3525, 115188
 3526, 115140
 3527, 115113
 3528, 115161
 3529, 115128
 3530, 115147
 3531, 115114
 3532, 115144
 3533, 115117
 3534, 115092
 3535, 115090
 3536, 115139
 3537, 115118
 3538, 115123
 3539, 115084
 3540, 115132
 3541, 115128
 3542, 115109
 3543, 115110
 3544, 115120
 3545, 115131
 3546, 115153
 3547, 115148
 3548, 115075
 3549, 115096
 3550, 115123
 3551, 115065
 3552, 115069
 3553, 115081
 3554, 115098
 3555, 115096
 3556, 115115
 3557, 115077
 3558, 115096
 3559, 115081
 3560, 115100
 3561, 115076
 3562, 115108
 3563, 115081
 3564, 115128
 3565, 115063
 3566, 115095
 3567, 115068
 3568, 115103
 3569, 115047
 3570, 115072
 3571, 115071
 3572, 115090
 3573, 115094
 3574, 115040
 3575, 115121
 3576, 115087
 3577, 115080
 3578, 115062
 3579, 115080
 3580, 115061
 3581, 115099
 3582, 115058
 3583, 115090
 3584, 115066
 3585, 115076
 3586, 115048
 3587, 115069
 3588, 115049
 3589, 115048
 3590, 115040
 3591, 115078
 3592, 115043
 3593, 115060
 3594, 115031
 3595, 115050
 3596, 115052
 3597, 115046
 3598, 115048
 3599, 115048
 3600, 115019
 3601, 115042
 3602, 115020
 3603, 115050
 3604, 114977
 3605, 115038
 3606, 115037
 3607, 115004
 3608, 115027
 3609, 115068
 3610, 114989
 3611, 115023
 3612, 115018
 3613, 115033
 3614, 115004
 3615, 115028
 3616, 115016
 3617, 115058
 3618, 114996
 3619, 114991
 3620, 114999
 3621, 115005
 3622, 115038
 3623, 114996
 3624, 114994
 3625, 115003
 3626, 115017
 3627, 115000
 3628, 114988
 3629, 114978
 3630, 114988
 3631, 115002
 3632, 115018
 3633, 114947
 3634, 114995
 3635, 114994
 3636, 114978
 3637, 114964
 3638, 115010
 3639, 114970
 3640, 114980
 3641, 114980
 3642, 114985
 3643, 114968
 3644, 114970
 3645, 114947
 3646, 114981
 3647, 114954
 3648, 115001
 3649, 114940
 3650, 114968
 3651, 114960
 3652, 114983
 3653, 114955
 3654, 114997
 3655, 114957
 3656, 114963
 3657, 114943
 3658, 114977
 3659, 114955
 3660, 114964
 3661, 114928
 3662, 114942
 3663, 114947
 3664, 114936
 3665, 114992
 3666, 114941
 3667, 114936
 3668, 114955
 3669, 114948
 3670, 114923
 3671, 114947
 3672, 114930
 3673, 114927
 3674, 114915
 3675, 114960
 3676, 114927
 3677, 114939
 3678, 114916
 3679, 114961
 3680, 114905
 3681, 114951
 3682, 114944
 3683, 114931
 3684, 114918
 3685, 114945
 3686, 114916
 3687, 114936
 3688, 114919
 3689, 114965
 3690, 114929
 3691, 114944
 3692, 114909
 3693, 114914
 3694, 114889
 3695, 114889
 3696, 114906
 3697, 114938
 3698, 114888
 3699, 114919
 3700, 114905
 3701, 114922
 3702, 114882
 3703, 114919
 3704, 114900
 3705, 114887
 3706, 114893
 3707, 114928
 3708, 114900
 3709, 114906
 3710, 114877
 3711, 114882
 3712, 114897
 3713, 114871
 3714, 114929
 3715, 114888
 3716, 114888
 3717, 114882
 3718, 114856
 3719, 114873
 3720, 114881
 3721, 114869
 3722, 114871
 3723, 114874
 3724, 114873
 3725, 114862
 3726, 114870
 3727, 114886
 3728, 114862
 3729, 114889
 3730, 114834
 3731, 114875
 3732, 114847
 3733, 114876
 3734, 114853
 3735, 114844
 3736, 114862
 3737, 114868
 3738, 114846
 3739, 114877
 3740, 114830
 3741, 114893
 3742, 114844
 3743, 114863
 3744, 114834
 3745, 114836
 3746, 114830
 3747, 114845
 3748, 114831
 3749, 114843
 3750, 114848
 3751, 114833
 3752, 114841
 3753, 114835
 3754, 114806
 3755, 114812
 3756, 114846
 3757, 114831
 3758, 114826
 3759, 114836
 3760, 114833
 3761, 114836
 3762, 114807
 3763, 114819
 3764, 114797
 3765, 114815
 3766, 114776
 3767, 114821
 3768, 114822
 3769, 114842
 3770, 114810
 3771, 114821
 3772, 114797
 3773, 114809
 3774, 114813
 3775, 114815
 3776, 114805
 3777, 114831
 3778, 114848
 3779, 114801
 3780, 114785
 3781, 114807
 3782, 114784
 3783, 114778
 3784, 114750
 3785, 114813
 3786, 114801
 3787, 114785
 3788, 114776
 3789, 114783
 3790, 114747
 3791, 114787
 3792, 114804
 3793, 114805
 3794, 114803
 3795, 114765
 3796, 114766
 3797, 114743
 3798, 114789
 3799, 114756
 3800, 114773
 3801, 114763
 3802, 114787
 3803, 114755
 3804, 114777
 3805, 114747
 3806, 114777
 3807, 114782
 3808, 114757
 3809, 114761
 3810, 114767
 3811, 114750
 3812, 114742
 3813, 114722
 3814, 114783
 3815, 114745
 3816, 114758
 3817, 114744
 3818, 114761
 3819, 114735
 3820, 114776
 3821, 114717
 3822, 114762
 3823, 114719
 3824, 114748
 3825, 114727
 3826, 114774
 3827, 114706
 3828, 114747
 3829, 114696
 3830, 114753
 3831, 114717
 3832, 114707
 3833, 114721
 3834, 114714
 3835, 114749
 3836, 114708
 3837, 114703
 3838, 114731
 3839, 114702
 3840, 114753
 3841, 114739
 3842, 114780
 3843, 114717
 3844, 114734
 3845, 114706
 3846, 114711
 3847, 114707
 3848, 114687
 3849, 114723
 3850, 114707
 3851, 114675
 3852, 114713
 3853, 114705
 3854, 114704
 3855, 114709
 3856, 114693
 3857, 114732
 3858, 114683
 3859, 114684
 3860, 114703
 3861, 114706
 3862, 114690
 3863, 114673
 3864, 114664
 3865, 114711
 3866, 114674
 3867, 114675
 3868, 114667
 3869, 114688
 3870, 114675
 3871, 114691
 3872, 114668
 3873, 114669
 3874, 114671
 3875, 114664
 3876, 114649
 3877, 114691
 3878, 114666
 3879, 114677
 3880, 114644
 3881, 114657
 3882, 114664
 3883, 114661
 3884, 114658
 3885, 114630
 3886, 114625
 3887, 114666
 3888, 114658
 3889, 114641
 3890, 114621
 3891, 114667
 3892, 114664
 3893, 114593
 3894, 114659
 3895, 114621
 3896, 114659
 3897, 114618
 3898, 114674
 3899, 114625
 3900, 114637
 3901, 114636
 3902, 114612
 3903, 114601
 3904, 114641
 3905, 114622
 3906, 114630
 3907, 114634
 3908, 114625
 3909, 114617
 3910, 114640
 3911, 114609
 3912, 114644
 3913, 114591
 3914, 114605
 3915, 114597
 3916, 114627
 3917, 114605
 3918, 114579
 3919, 114617
 3920, 114579
 3921, 114561
 3922, 114608
 3923, 114627
 3924, 114602
 3925, 114587
 3926, 114590
 3927, 114603
 3928, 114608
 3929, 114571
 3930, 114585
 3931, 114606
 3932, 114592
 3933, 114574
 3934, 114573
 3935, 114578
 3936, 114558
 3937, 114567
 3938, 114589
 3939, 114578
 3940, 114561
 3941, 114578
 3942, 114533
 3943, 114573
 3944, 114575
 3945, 114570
 3946, 114593
 3947, 114589
 3948, 114539
 3949, 114594
 3950, 114542
 3951, 114577
 3952, 114541
 3953, 114575
 3954, 114546
 3955, 114541
 3956, 114526
 3957, 114571
 3958, 114541
 3959, 114549
 3960, 114527
 3961, 114520
 3962, 114550
 3963, 114544
 3964, 114509
 3965, 114535
 3966, 114560
 3967, 114539
 3968, 114495
 3969, 114536
 3970, 114531
 3971, 114514
 3972, 114525
 3973, 114545
 3974, 114480
 3975, 114532
 3976, 114513
 3977, 114509
 3978, 114546
 3979, 114549
 3980, 114494
 3981, 114495
 3982, 114531
 3983, 114491
 3984, 114522
 3985, 114510
 3986, 114509
 3987, 114500
 3988, 114488
 3989, 114499
 3990, 114501
 3991, 114471
 3992, 114508
 3993, 114491
 3994, 114507
 3995, 114496
 3996, 114517
 3997, 114488
 3998, 114488
 3999, 114452
 4000, 114516
 4001, 114488
 4002, 114515
 4003, 114487
 4004, 114486
 4005, 114472
 4006, 114466
 4007, 114460
 4008, 114468
 4009, 114480
 4010, 114493
 4011, 114467
 4012, 114467
 4013, 114463
 4014, 114470
 4015, 114453
 4016, 114476
 4017, 114462
 4018, 114491
 4019, 114437
 4020, 114461
 4021, 114455
 4022, 114479
 4023, 114451
 4024, 114463
 4025, 114464
 4026, 114462
 4027, 114475
 4028, 114440
 4029, 114424
 4030, 114407
 4031, 114471
 4032, 114450
 4033, 114456
 4034, 114424
 4035, 114460
 4036, 114445
 4037, 114430
 4038, 114448
 4039, 114433
 4040, 114434
 4041, 114446
 4042, 114408
 4043, 114432
 4044, 114419
 4045, 114412
 4046, 114408
 4047, 114377
 4048, 114398
 4049, 114442
 4050, 114408
 4051, 114436
 4052, 114408
 4053, 114415
 4054, 114412
 4055, 114437
 4056, 114399
 4057, 114430
 4058, 114390
 4059, 114402
 4060, 114383
 4061, 114429
 4062, 114372
 4063, 114426
 4064, 114388
 4065, 114390
 4066, 114405
 4067, 114381
 4068, 114404
 4069, 114406
 4070, 114401
 4071, 114400
 4072, 114365
 4073, 114408
 4074, 114402
 4075, 114392
 4076, 114399
 4077, 114386
 4078, 114397
 4079, 114417
 4080, 114360
 4081, 114379
 4082, 114368
 4083, 114383
 4084, 114358
 4085, 114358
 4086, 114346
 4087, 114378
 4088, 114326
 4089, 114350
 4090, 114368
 4091, 114362
 4092, 114354
 4093, 114372
 4094, 114345
 4095, 114359
 4096, 114323
 4097, 114366
 4098, 114352
 4099, 114371
 4100, 114319
 4101, 114355
 4102, 114345
 4103, 114348
 4104, 114315
 4105, 114368
 4106, 114326
 4107, 114333
 4108, 114358
 4109, 114352
 4110, 114345
 4111, 114359
 4112, 114332
 4113, 114339
 4114, 114336
 4115, 114344
 4116, 114341
 4117, 114324
 4118, 114325
 4119, 114337
 4120, 114298
 4121, 114319
 4122, 114321
 4123, 114336
 4124, 114289
 4125, 114331
 4126, 114293
 4127, 114321
 4128, 114291
 4129, 114320
 4130, 114272
 4131, 114308
 4132, 114313
 4133, 114297
 4134, 114302
 4135, 114271
 4136, 114321
 4137, 114316
 4138, 114302
 4139, 114330
 4140, 114280
 4141, 114312
 4142, 114297
 4143, 114300
 4144, 114281
 4145, 114277
 4146, 114303
 4147, 114268
 4148, 114283
 4149, 114298
 4150, 114278
 4151, 114286
 4152, 114271
 4153, 114268
 4154, 114264
 4155, 114301
 4156, 114260
 4157, 114274
 4158, 114278
 4159, 114258
 4160, 114246
 4161, 114275
 4162, 114293
 4163, 114288
 4164, 114266
 4165, 114263
 4166, 114238
 4167, 114256
 4168, 114225
 4169, 114280
 4170, 114263
 4171, 114273
 4172, 114248
 4173, 114289
 4174, 114229
 4175, 114254
 4176, 114246
 4177, 114243
 4178, 114243
 4179, 114216
 4180, 114213
 4181, 114240
 4182, 114221
 4183, 114248
 4184, 114210
 4185, 114255
 4186, 114197
 4187, 114221
 4188, 114178
 4189, 114215
 4190, 114231
 4191, 114222
 4192, 114199
 4193, 114218
 4194, 114185
 4195, 114219
