C4d_2015-test
aeg, juhtivus
 0, 96920
 1, 96921
 2, 96950
 3, 96909
 4, 96950
 5, 96883
 6, 96929
 7, 96882
 8, 96902
 9, 96891
 10, 96923
 11, 96871
 12, 96904
 13, 96865
 14, 96904
 15, 96888
 16, 96912
 17, 96877
 18, 96903
 19, 96907
 20, 96886
 21, 96891
 22, 96895
 23, 96898
 24, 96905
 25, 96883
 26, 96875
 27, 96859
 28, 96902
 29, 96873
 30, 96849
 31, 96856
 32, 96892
 33, 96876
 34, 96892
 35, 96881
 36, 96862
 37, 96855
 38, 96901
 39, 96880
 40, 96886
 41, 96865
 42, 96891
 43, 96859
 44, 96885
 45, 96834
 46, 96864
 47, 96837
 48, 96886
 49, 96818
 50, 96870
 51, 96809
 52, 96848
 53, 96828
 54, 96885
 55, 96827
 56, 96854
 57, 96821
 58, 96847
 59, 96789
 60, 96862
 61, 96825
 62, 96833
 63, 96839
 64, 96835
 65, 96861
 66, 96813
 67, 96806
 68, 96855
 69, 96797
 70, 96820
 71, 96844
 72, 96867
 73, 96806
 74, 96786
 75, 96832
 76, 96808
 77, 96815
 78, 96807
 79, 96797
 80, 96791
 81, 96806
 82, 96778
 83, 96803
 84, 96769
 85, 96779
 86, 96761
 87, 96830
 88, 96798
 89, 96814
 90, 96767
 91, 96823
 92, 96792
 93, 96806
 94, 96783
 95, 96803
 96, 96778
 97, 96786
 98, 96782
 99, 96802
 100, 96756
 101, 96787
 102, 96754
 103, 96777
 104, 96744
 105, 96737
 106, 96749
 107, 96792
 108, 96721
 109, 96790
 110, 96786
 111, 96763
 112, 96752
 113, 96786
 114, 96756
 115, 96755
 116, 96717
 117, 96759
 118, 96777
 119, 96738
 120, 96744
 121, 96746
 122, 96752
 123, 96726
 124, 96724
 125, 96716
 126, 96758
 127, 96728
 128, 96738
 129, 96741
 130, 96756
 131, 96726
 132, 96701
 133, 96724
 134, 96721
 135, 96707
 136, 96744
 137, 96698
 138, 96727
 139, 96709
 140, 96734
 141, 96735
 142, 96722
 143, 96678
 144, 96741
 145, 96690
 146, 96736
 147, 96689
 148, 96715
 149, 96709
 150, 96720
 151, 96681
 152, 96762
 153, 96671
 154, 96723
 155, 96706
 156, 96695
 157, 96687
 158, 96708
 159, 96650
 160, 96684
 161, 96702
 162, 96683
 163, 96710
 164, 96691
 165, 96693
 166, 96683
 167, 96690
 168, 96661
 169, 96681
 170, 96669
 171, 96705
 172, 96643
 173, 96670
 174, 96663
 175, 96682
 176, 96657
 177, 96713
 178, 96635
 179, 96695
 180, 96630
 181, 96680
 182, 96672
 183, 96706
 184, 96643
 185, 96681
 186, 96633
 187, 96683
 188, 96668
 189, 96674
 190, 96666
 191, 96699
 192, 96645
 193, 96666
 194, 96614
 195, 96645
 196, 96645
 197, 96654
 198, 96608
 199, 96634
 200, 96638
 201, 96669
 202, 96603
 203, 96636
 204, 96609
 205, 96661
 206, 96623
 207, 96650
 208, 96582
 209, 96637
 210, 96640
 211, 96658
 212, 96622
 213, 96603
 214, 96611
 215, 96593
 216, 96640
 217, 96575
 218, 96619
 219, 96558
 220, 96611
 221, 96575
 222, 96596
 223, 96598
 224, 96606
 225, 96570
 226, 96609
 227, 96584
 228, 96616
 229, 96587
 230, 96598
 231, 96599
 232, 96603
 233, 96587
 234, 96626
 235, 96596
 236, 96601
 237, 96566
 238, 96623
 239, 96582
 240, 96593
 241, 96587
 242, 96626
 243, 96583
 244, 96607
 245, 96555
 246, 96595
 247, 96550
 248, 96566
 249, 96601
 250, 96550
 251, 96584
 252, 96539
 253, 96574
 254, 96559
 255, 96548
 256, 96579
 257, 96548
 258, 96570
 259, 96539
 260, 96608
 261, 96527
 262, 96561
 263, 96561
 264, 96591
 265, 96530
 266, 96548
 267, 96582
 268, 96522
 269, 96523
 270, 96539
 271, 96512
 272, 96561
 273, 96523
 274, 96565
 275, 96547
 276, 96532
 277, 96501
 278, 96561
 279, 96533
 280, 96547
 281, 96506
 282, 96538
 283, 96489
 284, 96531
 285, 96512
 286, 96533
 287, 96511
 288, 96543
 289, 96527
 290, 96536
 291, 96510
 292, 96505
 293, 96499
 294, 96524
 295, 96494
 296, 96493
 297, 96490
 298, 96499
 299, 96474
 300, 96510
 301, 96499
 302, 96511
 303, 96488
 304, 96529
 305, 96487
 306, 96493
 307, 96478
 308, 96512
 309, 96478
 310, 96506
 311, 96469
 312, 96487
 313, 96479
 314, 96461
 315, 96462
 316, 96476
 317, 96446
 318, 96475
 319, 96457
 320, 96481
 321, 96452
 322, 96478
 323, 96451
 324, 96498
 325, 96443
 326, 96492
 327, 96450
 328, 96496
 329, 96465
 330, 96498
 331, 96448
 332, 96459
 333, 96451
 334, 96472
 335, 96441
 336, 96476
 337, 96428
 338, 96460
 339, 96438
 340, 96461
 341, 96446
 342, 96422
 343, 96471
 344, 96433
 345, 96457
 346, 96454
 347, 96472
 348, 96414
 349, 96430
 350, 96432
 351, 96406
 352, 96431
 353, 96456
 354, 96412
 355, 96431
 356, 96378
 357, 96430
 358, 96409
 359, 96447
 360, 96375
 361, 96434
 362, 96401
 363, 96418
 364, 96401
 365, 96441
 366, 96414
 367, 96414
 368, 96380
 369, 96413
 370, 96389
 371, 96404
 372, 96394
 373, 96436
 374, 96404
 375, 96412
 376, 96359
 377, 96411
 378, 96388
 379, 96400
 380, 96391
 381, 96400
 382, 96374
 383, 96400
 384, 96378
 385, 96340
 386, 96372
 387, 96358
 388, 96384
 389, 96347
 390, 96368
 391, 96384
 392, 96375
 393, 96379
 394, 96359
 395, 96356
 396, 96389
 397, 96389
 398, 96388
 399, 96333
 400, 96376
 401, 96345
 402, 96365
 403, 96340
 404, 96398
 405, 96358
 406, 96397
 407, 96360
 408, 96361
 409, 96332
 410, 96374
 411, 96342
 412, 96337
 413, 96347
 414, 96328
 415, 96318
 416, 96331
 417, 96310
 418, 96353
 419, 96338
 420, 96359
 421, 96326
 422, 96318
 423, 96331
 424, 96342
 425, 96303
 426, 96315
 427, 96286
 428, 96261
 429, 96345
 430, 96318
 431, 96347
 432, 96293
 433, 96308
 434, 96323
 435, 96318
 436, 96311
 437, 96305
 438, 96297
 439, 96312
 440, 96301
 441, 96312
 442, 96287
 443, 96312
 444, 96288
 445, 96306
 446, 96280
 447, 96305
 448, 96281
 449, 96305
 450, 96277
 451, 96314
 452, 96283
 453, 96306
 454, 96296
 455, 96262
 456, 96277
 457, 96280
 458, 96261
 459, 96326
 460, 96260
 461, 96289
 462, 96288
 463, 96272
 464, 96260
 465, 96298
 466, 96249
 467, 96278
 468, 96264
 469, 96297
 470, 96256
 471, 96275
 472, 96263
 473, 96266
 474, 96278
 475, 96297
 476, 96253
 477, 96272
 478, 96248
 479, 96276
 480, 96237
 481, 96271
 482, 96257
 483, 96266
 484, 96246
 485, 96248
 486, 96273
 487, 96278
 488, 96241
 489, 96224
 490, 96241
 491, 96239
 492, 96214
 493, 96246
 494, 96199
 495, 96253
 496, 96213
 497, 96292
 498, 96234
 499, 96215
 500, 96215
 501, 96264
 502, 96189
 503, 96234
 504, 96195
 505, 96203
 506, 96229
 507, 96237
 508, 96207
 509, 96251
 510, 96241
 511, 96213
 512, 96170
 513, 96202
 514, 96176
 515, 96233
 516, 96190
 517, 96180
 518, 96212
 519, 96176
 520, 96202
 521, 96158
 522, 96198
 523, 96204
 524, 96184
 525, 96192
 526, 96188
 527, 96202
 528, 96185
 529, 96198
 530, 96163
 531, 96193
 532, 96180
 533, 96214
 534, 96164
 535, 96178
 536, 96138
 537, 96179
 538, 96154
 539, 96174
 540, 96193
 541, 96157
 542, 96165
 543, 96189
 544, 96151
 545, 96225
 546, 96132
 547, 96186
 548, 96148
 549, 96197
 550, 96168
 551, 96154
 552, 96162
 553, 96153
 554, 96116
 555, 96160
 556, 96122
 557, 96157
 558, 96149
 559, 96112
 560, 96147
 561, 96134
 562, 96179
 563, 96125
 564, 96153
 565, 96153
 566, 96155
 567, 96145
 568, 96158
 569, 96130
 570, 96140
 571, 96100
 572, 96145
 573, 96111
 574, 96139
 575, 96137
 576, 96145
 577, 96091
 578, 96113
 579, 96103
 580, 96130
 581, 96085
 582, 96122
 583, 96112
 584, 96120
 585, 96107
 586, 96174
 587, 96085
 588, 96125
 589, 96080
 590, 96117
 591, 96082
 592, 96119
 593, 96063
 594, 96120
 595, 96091
 596, 96084
 597, 96092
 598, 96130
 599, 96051
 600, 96131
 601, 96091
 602, 96081
 603, 96092
 604, 96059
 605, 96059
 606, 96060
 607, 96111
 608, 96039
 609, 96087
 610, 96054
 611, 96074
 612, 96076
 613, 96098
 614, 96084
 615, 96074
 616, 96048
 617, 96058
 618, 96049
 619, 96009
 620, 96068
 621, 96072
 622, 96046
 623, 96073
 624, 96029
 625, 96064
 626, 96020
 627, 96078
 628, 96025
 629, 96063
 630, 96032
 631, 96080
 632, 96079
 633, 96068
 634, 96056
 635, 96050
 636, 96043
 637, 96048
 638, 96017
 639, 96060
 640, 96033
 641, 96039
 642, 96044
 643, 96035
 644, 95996
 645, 96046
 646, 96011
 647, 96023
 648, 96005
 649, 96033
 650, 96028
 651, 96057
 652, 96015
 653, 96010
 654, 96020
 655, 96013
 656, 96010
 657, 95987
 658, 96001
 659, 96008
 660, 95987
 661, 96012
 662, 96015
 663, 95999
 664, 96041
 665, 95983
 666, 96012
 667, 95972
 668, 96004
 669, 95995
 670, 96003
 671, 95983
 672, 96008
 673, 95971
 674, 96010
 675, 95986
 676, 95979
 677, 95999
 678, 96009
 679, 95959
 680, 95982
 681, 95941
 682, 96027
 683, 95950
 684, 96001
 685, 95948
 686, 95961
 687, 95952
 688, 95954
 689, 95977
 690, 95974
 691, 95990
 692, 95933
 693, 95948
 694, 95937
 695, 95942
 696, 95986
 697, 95954
 698, 95980
 699, 95938
 700, 95961
 701, 95933
 702, 95938
 703, 95925
 704, 95961
 705, 95924
 706, 95971
 707, 95935
 708, 95968
 709, 95911
 710, 95964
 711, 95936
 712, 95945
 713, 95926
 714, 95978
 715, 95918
 716, 95924
 717, 95918
 718, 95919
 719, 95935
 720, 95976
 721, 95933
 722, 95948
 723, 95888
 724, 95917
 725, 95938
 726, 95909
 727, 95877
 728, 95926
 729, 95901
 730, 95903
 731, 95889
 732, 95918
 733, 95897
 734, 95922
 735, 95862
 736, 95911
 737, 95890
 738, 95930
 739, 95881
 740, 95883
 741, 95886
 742, 95927
 743, 95922
 744, 95889
 745, 95873
 746, 95917
 747, 95895
 748, 95900
 749, 95888
 750, 95925
 751, 95897
 752, 95883
 753, 95876
 754, 95917
 755, 95897
 756, 95917
 757, 95863
 758, 95911
 759, 95852
 760, 95865
 761, 95854
 762, 95900
 763, 95900
 764, 95895
 765, 95864
 766, 95892
 767, 95867
 768, 95869
 769, 95830
 770, 95871
 771, 95855
 772, 95878
 773, 95854
 774, 95886
 775, 95841
 776, 95887
 777, 95845
 778, 95840
 779, 95845
 780, 95851
 781, 95812
 782, 95826
 783, 95891
 784, 95825
 785, 95847
 786, 95853
 787, 95887
 788, 95789
 789, 95883
 790, 95838
 791, 95851
 792, 95820
 793, 95822
 794, 95810
 795, 95814
 796, 95824
 797, 95803
 798, 95801
 799, 95839
 800, 95796
 801, 95829
 802, 95804
 803, 95849
 804, 95770
 805, 95836
 806, 95801
 807, 95840
 808, 95803
 809, 95828
 810, 95797
 811, 95827
 812, 95799
 813, 95808
 814, 95773
 815, 95839
 816, 95798
 817, 95777
 818, 95780
 819, 95791
 820, 95793
 821, 95820
 822, 95757
 823, 95802
 824, 95779
 825, 95769
 826, 95773
 827, 95747
 828, 95812
 829, 95771
 830, 95801
 831, 95747
 832, 95810
 833, 95780
 834, 95792
 835, 95743
 836, 95785
 837, 95758
 838, 95763
 839, 95760
 840, 95779
 841, 95744
 842, 95771
 843, 95735
 844, 95791
 845, 95751
 846, 95794
 847, 95737
 848, 95769
 849, 95752
 850, 95758
 851, 95742
 852, 95784
 853, 95742
 854, 95748
 855, 95709
 856, 95754
 857, 95730
 858, 95754
 859, 95741
 860, 95752
 861, 95745
 862, 95732
 863, 95738
 864, 95726
 865, 95733
 866, 95762
 867, 95738
 868, 95711
 869, 95762
 870, 95743
 871, 95764
 872, 95722
 873, 95746
 874, 95696
 875, 95727
 876, 95715
 877, 95738
 878, 95677
 879, 95737
 880, 95690
 881, 95724
 882, 95669
 883, 95742
 884, 95702
 885, 95697
 886, 95696
 887, 95733
 888, 95695
 889, 95734
 890, 95717
 891, 95716
 892, 95690
 893, 95701
 894, 95653
 895, 95693
 896, 95671
 897, 95694
 898, 95688
 899, 95707
 900, 95654
 901, 95669
 902, 95675
 903, 95685
 904, 95653
 905, 95669
 906, 95659
 907, 95691
 908, 95666
 909, 95663
 910, 95661
 911, 95662
 912, 95633
 913, 95691
 914, 95691
 915, 95699
 916, 95665
 917, 95664
 918, 95649
 919, 95688
 920, 95628
 921, 95667
 922, 95648
 923, 95653
 924, 95651
 925, 95676
 926, 95637
 927, 95655
 928, 95643
 929, 95672
 930, 95634
 931, 95661
 932, 95636
 933, 95641
 934, 95609
 935, 95699
 936, 95610
 937, 95675
 938, 95650
 939, 95636
 940, 95646
 941, 95673
 942, 95627
 943, 95649
 944, 95622
 945, 95664
 946, 95631
 947, 95620
 948, 95584
 949, 95619
 950, 95605
 951, 95656
 952, 95593
 953, 95629
 954, 95611
 955, 95628
 956, 95644
 957, 95591
 958, 95613
 959, 95571
 960, 95639
 961, 95600
 962, 95578
 963, 95610
 964, 95572
 965, 95621
 966, 95574
 967, 95621
 968, 95582
 969, 95607
 970, 95599
 971, 95599
 972, 95544
 973, 95581
 974, 95582
 975, 95609
 976, 95588
 977, 95577
 978, 95571
 979, 95592
 980, 95582
 981, 95606
 982, 95592
 983, 95592
 984, 95585
 985, 95563
 986, 95552
 987, 95568
 988, 95575
 989, 95597
 990, 95572
 991, 95581
 992, 95551
 993, 95543
 994, 95534
 995, 95570
 996, 95545
 997, 95603
 998, 95549
 999, 95557
 1000, 95554
 1001, 95560
 1002, 95566
 1003, 95533
 1004, 95592
 1005, 95550
 1006, 95557
 1007, 95539
 1008, 95549
 1009, 95540
 1010, 95572
 1011, 95545
 1012, 95568
 1013, 95574
 1014, 95569
 1015, 95496
 1016, 95533
 1017, 95545
 1018, 95543
 1019, 95513
 1020, 95546
 1021, 95518
 1022, 95537
 1023, 95517
 1024, 95547
 1025, 95513
 1026, 95523
 1027, 95489
 1028, 95544
 1029, 95494
 1030, 95522
 1031, 95500
 1032, 95526
 1033, 95510
 1034, 95568
 1035, 95488
 1036, 95504
 1037, 95495
 1038, 95519
 1039, 95501
 1040, 95517
 1041, 95485
 1042, 95527
 1043, 95493
 1044, 95482
 1045, 95472
 1046, 95515
 1047, 95476
 1048, 95520
 1049, 95514
 1050, 95492
 1051, 95475
 1052, 95467
 1053, 95509
 1054, 95472
 1055, 95493
 1056, 95462
 1057, 95510
 1058, 95438
 1059, 95493
 1060, 95461
 1061, 95480
 1062, 95454
 1063, 95468
 1064, 95470
 1065, 95470
 1066, 95441
 1067, 95486
 1068, 95447
 1069, 95477
 1070, 95480
 1071, 95477
 1072, 95467
 1073, 95493
 1074, 95437
 1075, 95488
 1076, 95465
 1077, 95460
 1078, 95441
 1079, 95457
 1080, 95443
 1081, 95463
 1082, 95406
 1083, 95427
 1084, 95444
 1085, 95466
 1086, 95433
 1087, 95429
 1088, 95445
 1089, 95456
 1090, 95440
 1091, 95434
 1092, 95454
 1093, 95390
 1094, 95429
 1095, 95388
 1096, 95428
 1097, 95383
 1098, 95454
 1099, 95425
 1100, 95439
 1101, 95423
 1102, 95413
 1103, 95423
 1104, 95464
 1105, 95421
 1106, 95413
 1107, 95382
 1108, 95415
 1109, 95413
 1110, 95419
 1111, 95371
 1112, 95393
 1113, 95375
 1114, 95414
 1115, 95394
 1116, 95402
 1117, 95368
 1118, 95417
 1119, 95391
 1120, 95433
 1121, 95402
 1122, 95412
 1123, 95402
 1124, 95419
 1125, 95334
 1126, 95401
 1127, 95370
 1128, 95376
 1129, 95400
 1130, 95393
 1131, 95399
 1132, 95383
 1133, 95366
 1134, 95381
 1135, 95331
 1136, 95392
 1137, 95334
 1138, 95354
 1139, 95360
 1140, 95376
 1141, 95351
 1142, 95348
 1143, 95372
 1144, 95387
 1145, 95321
 1146, 95383
 1147, 95339
 1148, 95379
 1149, 95324
 1150, 95371
 1151, 95324
 1152, 95361
 1153, 95335
 1154, 95358
 1155, 95330
 1156, 95367
 1157, 95315
 1158, 95333
 1159, 95343
 1160, 95368
 1161, 95317
 1162, 95328
 1163, 95331
 1164, 95380
 1165, 95302
 1166, 95374
 1167, 95313
 1168, 95348
 1169, 95308
 1170, 95364
 1171, 95288
 1172, 95301
 1173, 95317
 1174, 95345
 1175, 95299
 1176, 95350
 1177, 95328
 1178, 95322
 1179, 95298
 1180, 95329
 1181, 95292
 1182, 95325
 1183, 95303
 1184, 95311
 1185, 95313
 1186, 95303
 1187, 95300
 1188, 95315
 1189, 95248
 1190, 95319
 1191, 95284
 1192, 95339
 1193, 95262
 1194, 95294
 1195, 95282
 1196, 95287
 1197, 95291
 1198, 95281
 1199, 95280
 1200, 95302
 1201, 95304
 1202, 95309
 1203, 95286
 1204, 95306
 1205, 95283
 1206, 95276
 1207, 95264
 1208, 95288
 1209, 95288
 1210, 95285
 1211, 95254
 1212, 95258
 1213, 95278
 1214, 95263
 1215, 95275
 1216, 95281
 1217, 95245
 1218, 95290
 1219, 95249
 1220, 95300
 1221, 95264
 1222, 95261
 1223, 95256
 1224, 95224
 1225, 95289
 1226, 95238
 1227, 95254
 1228, 95247
 1229, 95291
 1230, 95251
 1231, 95244
 1232, 95243
 1233, 95244
 1234, 95228
 1235, 95298
 1236, 95219
 1237, 95253
 1238, 95223
 1239, 95247
 1240, 95197
 1241, 95244
 1242, 95204
 1243, 95255
 1244, 95190
 1245, 95223
 1246, 95213
 1247, 95238
 1248, 95218
 1249, 95252
 1250, 95207
 1251, 95215
 1252, 95197
 1253, 95254
 1254, 95217
 1255, 95220
 1256, 95204
 1257, 95198
 1258, 95214
 1259, 95226
 1260, 91337
 1261, 76763
 1262, 76751
 1263, 76776
 1264, 76712
 1265, 76747
 1266, 76737
 1267, 76753
 1268, 76724
 1269, 76726
 1270, 76766
 1271, 76720
 1272, 76741
 1273, 76728
 1274, 76753
 1275, 76743
 1276, 76708
 1277, 76675
 1278, 76735
 1279, 76750
 1280, 76717
 1281, 76701
 1282, 76698
 1283, 76695
 1284, 76700
 1285, 76679
 1286, 76688
 1287, 76706
 1288, 76706
 1289, 76690
 1290, 76702
 1291, 76689
 1292, 76734
 1293, 76682
 1294, 76693
 1295, 76677
 1296, 76689
 1297, 76686
 1298, 76688
 1299, 76704
 1300, 76657
 1301, 76673
 1302, 76699
 1303, 76686
 1304, 76707
 1305, 76669
 1306, 76687
 1307, 76648
 1308, 76659
 1309, 76665
 1310, 76642
 1311, 76695
 1312, 76640
 1313, 76656
 1314, 76651
 1315, 76655
 1316, 76647
 1317, 76657
 1318, 76656
 1319, 76629
 1320, 76645
 1321, 76632
 1322, 76639
 1323, 76647
 1324, 76642
 1325, 76641
 1326, 76625
 1327, 76624
 1328, 76626
 1329, 76644
 1330, 76623
 1331, 76648
 1332, 76602
 1333, 76643
 1334, 76593
 1335, 76628
 1336, 76607
 1337, 76634
 1338, 76603
 1339, 76592
 1340, 76609
 1341, 76610
 1342, 76581
 1343, 76590
 1344, 76588
 1345, 76611
 1346, 76595
 1347, 76621
 1348, 76616
 1349, 76598
 1350, 76579
 1351, 76607
 1352, 76582
 1353, 76577
 1354, 76562
 1355, 76591
 1356, 76575
 1357, 76573
 1358, 76560
 1359, 76590
 1360, 76560
 1361, 76575
 1362, 76588
 1363, 76563
 1364, 76550
 1365, 76555
 1366, 76539
 1367, 76574
 1368, 76538
 1369, 76525
 1370, 76595
 1371, 76541
 1372, 76571
 1373, 76538
 1374, 76542
 1375, 76525
 1376, 76529
 1377, 76526
 1378, 76540
 1379, 76500
 1380, 76537
 1381, 76505
 1382, 76514
 1383, 76507
 1384, 76523
 1385, 76527
 1386, 76523
 1387, 76487
 1388, 76511
 1389, 76535
 1390, 76518
 1391, 76508
 1392, 76509
 1393, 76515
 1394, 76516
 1395, 76468
 1396, 76478
 1397, 76504
 1398, 76501
 1399, 76478
 1400, 76476
 1401, 76495
 1402, 76496
 1403, 76481
 1404, 76501
 1405, 76475
 1406, 76506
 1407, 76495
 1408, 76452
 1409, 76492
 1410, 76449
 1411, 76481
 1412, 76476
 1413, 76454
 1414, 76483
 1415, 76479
 1416, 76463
 1417, 76469
 1418, 76449
 1419, 76459
 1420, 76433
 1421, 76421
 1422, 76455
 1423, 76441
 1424, 76432
 1425, 76473
 1426, 76435
 1427, 89621
 1428, 91569
 1429, 91567
 1430, 91602
 1431, 91517
 1432, 91576
 1433, 91560
 1434, 91589
 1435, 91552
 1436, 91571
 1437, 91544
 1438, 91555
 1439, 91570
 1440, 91571
 1441, 91552
 1442, 91568
 1443, 91529
 1444, 91558
 1445, 91530
 1446, 91580
 1447, 91525
 1448, 91554
 1449, 91512
 1450, 91547
 1451, 91551
 1452, 91521
 1453, 91514
 1454, 91541
 1455, 91530
 1456, 91532
 1457, 91497
 1458, 91529
 1459, 91470
 1460, 91525
 1461, 91543
 1462, 91526
 1463, 91503
 1464, 91573
 1465, 91543
 1466, 91549
 1467, 91507
 1468, 91538
 1469, 91525
 1470, 91521
 1471, 91522
 1472, 91540
 1473, 91518
 1474, 91529
 1475, 91497
 1476, 91513
 1477, 91488
 1478, 91504
 1479, 91505
 1480, 91523
 1481, 91509
 1482, 91506
 1483, 91466
 1484, 91523
 1485, 91454
 1486, 91517
 1487, 91452
 1488, 91493
 1489, 91528
 1490, 91467
 1491, 91492
 1492, 91516
 1493, 91474
 1494, 91473
 1495, 91469
 1496, 91455
 1497, 91507
 1498, 91447
 1499, 91498
 1500, 91438
 1501, 91502
 1502, 91456
 1503, 91482
 1504, 91481
 1505, 91473
 1506, 91474
 1507, 91487
 1508, 91454
 1509, 91487
 1510, 91436
 1511, 91469
 1512, 91454
 1513, 91472
 1514, 91450
 1515, 91474
 1516, 91466
 1517, 91481
 1518, 91475
 1519, 91468
 1520, 91418
 1521, 91466
 1522, 91466
 1523, 91467
 1524, 91412
 1525, 91462
 1526, 91424
 1527, 91421
 1528, 91413
 1529, 91421
 1530, 91457
 1531, 91460
 1532, 91476
 1533, 91415
 1534, 91459
 1535, 91444
 1536, 91431
 1537, 91442
 1538, 91425
 1539, 91396
 1540, 91431
 1541, 91419
 1542, 91451
 1543, 91382
 1544, 91428
 1545, 91389
 1546, 91432
 1547, 91416
 1548, 91394
 1549, 91408
 1550, 91367
 1551, 91391
 1552, 91454
 1553, 91416
 1554, 91420
 1555, 91400
 1556, 91373
 1557, 91392
 1558, 91400
 1559, 91389
 1560, 91414
 1561, 91385
 1562, 91392
 1563, 91336
 1564, 91383
 1565, 91373
 1566, 91397
 1567, 91361
 1568, 91410
 1569, 91342
 1570, 91388
 1571, 91345
 1572, 91393
 1573, 91409
 1574, 91380
 1575, 91365
 1576, 91387
 1577, 91371
 1578, 91373
 1579, 91404
 1580, 91361
 1581, 91352
 1582, 91346
 1583, 91375
 1584, 91391
 1585, 91361
 1586, 91330
 1587, 91377
 1588, 91381
 1589, 91353
 1590, 91355
 1591, 91358
 1592, 91329
 1593, 91335
 1594, 91372
 1595, 91363
 1596, 91322
 1597, 91343
 1598, 91335
 1599, 91343
 1600, 91300
 1601, 91347
 1602, 91325
 1603, 91339
 1604, 91307
 1605, 91341
 1606, 91316
 1607, 91356
 1608, 91334
 1609, 91341
 1610, 91295
 1611, 91345
 1612, 91311
 1613, 91344
 1614, 91345
 1615, 91272
 1616, 91307
 1617, 91313
 1618, 91270
 1619, 91347
 1620, 91302
 1621, 91352
 1622, 91281
 1623, 91327
 1624, 91302
 1625, 91323
 1626, 91293
 1627, 91322
 1628, 91283
 1629, 91310
 1630, 91279
 1631, 91281
 1632, 91271
 1633, 91312
 1634, 91314
 1635, 91337
 1636, 91272
 1637, 91324
 1638, 91291
 1639, 91300
 1640, 91254
 1641, 91286
 1642, 91228
 1643, 91297
 1644, 91256
 1645, 91258
 1646, 91278
 1647, 91280
 1648, 91279
 1649, 91286
 1650, 91240
 1651, 91261
 1652, 91278
 1653, 91293
 1654, 91274
 1655, 91274
 1656, 91245
 1657, 91272
 1658, 91211
 1659, 91251
 1660, 91235
 1661, 91251
 1662, 91255
 1663, 91265
 1664, 91244
 1665, 91233
 1666, 91239
 1667, 91234
 1668, 91257
 1669, 91244
 1670, 91259
 1671, 91239
 1672, 91211
 1673, 91221
 1674, 91234
 1675, 91215
 1676, 91233
 1677, 91207
 1678, 91258
 1679, 91222
 1680, 91197
 1681, 91201
 1682, 91201
 1683, 91225
 1684, 91228
 1685, 91219
 1686, 91245
 1687, 91205
 1688, 91235
 1689, 91221
 1690, 91229
 1691, 91196
 1692, 91243
 1693, 91197
 1694, 91249
 1695, 91224
 1696, 91235
 1697, 91205
 1698, 91224
 1699, 91187
 1700, 91206
 1701, 91206
 1702, 91175
 1703, 91171
 1704, 91235
 1705, 91177
 1706, 91168
 1707, 91188
 1708, 91165
 1709, 91188
 1710, 91207
 1711, 91226
 1712, 91207
 1713, 91181
 1714, 91127
 1715, 91192
 1716, 91168
 1717, 91199
 1718, 91154
 1719, 91177
 1720, 91156
 1721, 91175
 1722, 91126
 1723, 91167
 1724, 91155
 1725, 91149
 1726, 91119
 1727, 91202
 1728, 91142
 1729, 91133
 1730, 91152
 1731, 91193
 1732, 91178
 1733, 91152
 1734, 91137
 1735, 91180
 1736, 91134
 1737, 91169
 1738, 91132
 1739, 91173
 1740, 91140
 1741, 91144
 1742, 91162
 1743, 91139
 1744, 91168
 1745, 91176
 1746, 91135
 1747, 91142
 1748, 91125
 1749, 91147
 1750, 91125
 1751, 91144
 1752, 91147
 1753, 91113
 1754, 91162
 1755, 91112
 1756, 91125
 1757, 91143
 1758, 91100
 1759, 91100
 1760, 91129
 1761, 91107
 1762, 91113
 1763, 91090
 1764, 91141
 1765, 91110
 1766, 91120
 1767, 91118
 1768, 91144
 1769, 91083
 1770, 91117
 1771, 91114
 1772, 91126
 1773, 91105
 1774, 91102
 1775, 76747
 1776, 61945
 1777, 61943
 1778, 61919
 1779, 61926
 1780, 61930
 1781, 61916
 1782, 61927
 1783, 61933
 1784, 61879
 1785, 61912
 1786, 61919
 1787, 61916
 1788, 61919
 1789, 61904
 1790, 61981
 1791, 61879
 1792, 61886
 1793, 61897
 1794, 61891
 1795, 61881
 1796, 61881
 1797, 61858
 1798, 61877
 1799, 61864
 1800, 61865
 1801, 61866
 1802, 61867
 1803, 61900
 1804, 61877
 1805, 61861
 1806, 61897
 1807, 61887
 1808, 61825
 1809, 61822
 1810, 61881
 1811, 61848
 1812, 61838
 1813, 61847
 1814, 61833
 1815, 61883
 1816, 61822
 1817, 61842
 1818, 61828
 1819, 61841
 1820, 61827
 1821, 61822
 1822, 61786
 1823, 61832
 1824, 61816
 1825, 61846
 1826, 61830
 1827, 61836
 1828, 61798
 1829, 61823
 1830, 61841
 1831, 61838
 1832, 61850
 1833, 61837
 1834, 61817
 1835, 61819
 1836, 61816
 1837, 61810
 1838, 61795
 1839, 61810
 1840, 61822
 1841, 61796
 1842, 61808
 1843, 61809
 1844, 61809
 1845, 61734
 1846, 61812
 1847, 61808
 1848, 61766
 1849, 61820
 1850, 61769
 1851, 61774
 1852, 61764
 1853, 61807
 1854, 61787
 1855, 61780
 1856, 61762
 1857, 61802
 1858, 61790
 1859, 61759
 1860, 61737
 1861, 61781
 1862, 61734
 1863, 61800
 1864, 61738
 1865, 61752
 1866, 61811
 1867, 61752
 1868, 61767
 1869, 61796
 1870, 61768
 1871, 61751
 1872, 61737
 1873, 61769
 1874, 61744
 1875, 61727
 1876, 61752
 1877, 61757
 1878, 61719
 1879, 61764
 1880, 61722
 1881, 61713
 1882, 61745
 1883, 61749
 1884, 61717
 1885, 61736
 1886, 61674
 1887, 61726
 1888, 61718
 1889, 61677
 1890, 61722
 1891, 61707
 1892, 61712
 1893, 61694
 1894, 61691
 1895, 61711
 1896, 61692
 1897, 61703
 1898, 61708
 1899, 61686
 1900, 61676
 1901, 61684
 1902, 61666
 1903, 61700
 1904, 61677
 1905, 61730
 1906, 61675
 1907, 61689
 1908, 61659
 1909, 61667
 1910, 61663
 1911, 61690
 1912, 61678
 1913, 61693
 1914, 61717
 1915, 61650
 1916, 61668
 1917, 61671
 1918, 61715
 1919, 61675
 1920, 61668
 1921, 61671
 1922, 61685
 1923, 61676
 1924, 61657
 1925, 61676
 1926, 61674
 1927, 61670
 1928, 61634
 1929, 61678
 1930, 61676
 1931, 61653
 1932, 61679
 1933, 61687
 1934, 61662
 1935, 61678
 1936, 61648
 1937, 61631
 1938, 61690
 1939, 61611
 1940, 61635
 1941, 61643
 1942, 61636
 1943, 61629
 1944, 61651
 1945, 61623
 1946, 61645
 1947, 61638
 1948, 61647
 1949, 61615
 1950, 61596
 1951, 61605
 1952, 61640
 1953, 61609
 1954, 61617
 1955, 61600
 1956, 61619
 1957, 61628
 1958, 61605
 1959, 61581
 1960, 61612
 1961, 61593
 1962, 61614
 1963, 61583
 1964, 61612
 1965, 61596
 1966, 61615
 1967, 61558
 1968, 61586
 1969, 61611
 1970, 61587
 1971, 61594
 1972, 61579
 1973, 61588
 1974, 76566
 1975, 87642
 1976, 87597
 1977, 87628
 1978, 87609
 1979, 87594
 1980, 87606
 1981, 87605
 1982, 87573
 1983, 87612
 1984, 87588
 1985, 87611
 1986, 87576
 1987, 87645
 1988, 87613
 1989, 87608
 1990, 87584
 1991, 87642
 1992, 87578
 1993, 87636
 1994, 87568
 1995, 87597
 1996, 87587
 1997, 87611
 1998, 87557
 1999, 87594
 2000, 87566
 2001, 87594
 2002, 87604
 2003, 87584
 2004, 87548
 2005, 87580
 2006, 87557
 2007, 87564
 2008, 87540
 2009, 87561
 2010, 87563
 2011, 87569
 2012, 87524
 2013, 87541
 2014, 87545
 2015, 87545
 2016, 87546
 2017, 87547
 2018, 87563
 2019, 87547
 2020, 87572
 2021, 87515
 2022, 87524
 2023, 87560
 2024, 87529
 2025, 87551
 2026, 87538
 2027, 87527
 2028, 87525
 2029, 87537
 2030, 87550
 2031, 87533
 2032, 87551
 2033, 87495
 2034, 87527
 2035, 87523
 2036, 87521
 2037, 87512
 2038, 87524
 2039, 87534
 2040, 87536
 2041, 87521
 2042, 87526
 2043, 87499
 2044, 87518
 2045, 87485
 2046, 87516
 2047, 87510
 2048, 87549
 2049, 87505
 2050, 87508
 2051, 87503
 2052, 87497
 2053, 87476
 2054, 87537
 2055, 87475
 2056, 87516
 2057, 87480
 2058, 87506
 2059, 87480
 2060, 87496
 2061, 87471
 2062, 87496
 2063, 87497
 2064, 87526
 2065, 87475
 2066, 87522
 2067, 87461
 2068, 87480
 2069, 87451
 2070, 87467
 2071, 87462
 2072, 87493
 2073, 87452
 2074, 87499
 2075, 87466
 2076, 87481
 2077, 87471
 2078, 87466
 2079, 87462
 2080, 87488
 2081, 87451
 2082, 87494
 2083, 87458
 2084, 87469
 2085, 87433
 2086, 87466
 2087, 87478
 2088, 87471
 2089, 87450
 2090, 87480
 2091, 87436
 2092, 87455
 2093, 87426
 2094, 87452
 2095, 87399
 2096, 87436
 2097, 87408
 2098, 87444
 2099, 87418
 2100, 87462
 2101, 87402
 2102, 87452
 2103, 87422
 2104, 87397
 2105, 87412
 2106, 87406
 2107, 87433
 2108, 87416
 2109, 87452
 2110, 87435
 2111, 87392
 2112, 87417
 2113, 87400
 2114, 87439
 2115, 87407
 2116, 87431
 2117, 87403
 2118, 87406
 2119, 87409
 2120, 87409
 2121, 87413
 2122, 87427
 2123, 87368
 2124, 87390
 2125, 87402
 2126, 87385
 2127, 87385
 2128, 87406
 2129, 87369
 2130, 87396
 2131, 87389
 2132, 87378
 2133, 87390
 2134, 87404
 2135, 87371
 2136, 87409
 2137, 87358
 2138, 87364
 2139, 87401
 2140, 87391
 2141, 87367
 2142, 87382
 2143, 87381
 2144, 87376
 2145, 87357
 2146, 87343
 2147, 87390
 2148, 87342
 2149, 87393
 2150, 87364
 2151, 87389
 2152, 87358
 2153, 87372
 2154, 87332
 2155, 87370
 2156, 87366
 2157, 87356
 2158, 87357
 2159, 87347
 2160, 87326
 2161, 87387
 2162, 87329
 2163, 87338
 2164, 87335
 2165, 87352
 2166, 87332
 2167, 87351
 2168, 87329
 2169, 87335
 2170, 87328
 2171, 87353
 2172, 87303
 2173, 87331
 2174, 87311
 2175, 87374
 2176, 87311
 2177, 87343
 2178, 87338
 2179, 87331
 2180, 87293
 2181, 87327
 2182, 87284
 2183, 87374
 2184, 87333
 2185, 87323
 2186, 87276
 2187, 87297
 2188, 87308
 2189, 87340
 2190, 87307
 2191, 87313
 2192, 87282
 2193, 87283
 2194, 87285
 2195, 87325
 2196, 87282
 2197, 87310
 2198, 87317
 2199, 87301
 2200, 87321
 2201, 87263
 2202, 87315
 2203, 87282
 2204, 87303
 2205, 87268
 2206, 87281
 2207, 87268
 2208, 87306
 2209, 87286
 2210, 87292
 2211, 87272
 2212, 87324
 2213, 87269
 2214, 87286
 2215, 87292
 2216, 87276
 2217, 87277
 2218, 87319
 2219, 87233
 2220, 87288
 2221, 87266
 2222, 87285
 2223, 87249
 2224, 87254
 2225, 87248
 2226, 87263
 2227, 87250
 2228, 87295
 2229, 87253
 2230, 87292
 2231, 87226
 2232, 87269
 2233, 87231
 2234, 87282
 2235, 87260
 2236, 87247
 2237, 87228
 2238, 87251
 2239, 87215
 2240, 87222
 2241, 87221
 2242, 87232
 2243, 87246
 2244, 87221
 2245, 87214
 2246, 87236
 2247, 87230
 2248, 87232
 2249, 87234
 2250, 87218
 2251, 87244
 2252, 87202
 2253, 87239
 2254, 87184
 2255, 87198
 2256, 87211
 2257, 87212
 2258, 87230
 2259, 87211
 2260, 87211
 2261, 87215
 2262, 87156
 2263, 87209
 2264, 87191
 2265, 87210
 2266, 87184
 2267, 87203
 2268, 87155
 2269, 87195
 2270, 87202
 2271, 87224
 2272, 87200
 2273, 87202
 2274, 87175
 2275, 87169
 2276, 87154
 2277, 87203
 2278, 87177
 2279, 87189
 2280, 87180
 2281, 87187
 2282, 87150
 2283, 87187
 2284, 87204
 2285, 87183
 2286, 87171
 2287, 87146
 2288, 87174
 2289, 87179
 2290, 87153
 2291, 87169
 2292, 87160
 2293, 87187
 2294, 87188
 2295, 87165
 2296, 87205
 2297, 87152
 2298, 87170
 2299, 87133
 2300, 87174
 2301, 87161
 2302, 87131
 2303, 87135
 2304, 87142
 2305, 87118
 2306, 87151
 2307, 87149
 2308, 87150
 2309, 87151
 2310, 87145
 2311, 87129
 2312, 87135
 2313, 87118
 2314, 87148
 2315, 87124
 2316, 87129
 2317, 87124
 2318, 87129
 2319, 87113
 2320, 87131
 2321, 87118
 2322, 87151
 2323, 87110
 2324, 87150
 2325, 87101
 2326, 87148
 2327, 87130
 2328, 87125
 2329, 87079
 2330, 87094
 2331, 87111
 2332, 87140
 2333, 87109
 2334, 87119
 2335, 87118
 2336, 87152
 2337, 87095
 2338, 87099
 2339, 87090
 2340, 87076
 2341, 87072
 2342, 87116
 2343, 87084
 2344, 87119
 2345, 87099
 2346, 87095
 2347, 87079
 2348, 87100
 2349, 87101
 2350, 87137
 2351, 87094
 2352, 87104
 2353, 87053
 2354, 87111
 2355, 87065
 2356, 87088
 2357, 87078
 2358, 87079
 2359, 87099
 2360, 87070
 2361, 87093
 2362, 87093
 2363, 87075
 2364, 87064
 2365, 87052
 2366, 87081
 2367, 87042
 2368, 87062
 2369, 87072
 2370, 87067
 2371, 87071
 2372, 87028
 2373, 87090
 2374, 87042
 2375, 87074
 2376, 87037
 2377, 87059
 2378, 87022
 2379, 87038
 2380, 87053
 2381, 87055
 2382, 87014
 2383, 87067
 2384, 87040
 2385, 87025
 2386, 87044
 2387, 87036
 2388, 87027
 2389, 87052
 2390, 87030
 2391, 87048
 2392, 87039
 2393, 87021
 2394, 87022
 2395, 87018
 2396, 87017
 2397, 87015
 2398, 87032
 2399, 87021
 2400, 86995
 2401, 86985
 2402, 87020
 2403, 87027
 2404, 86991
 2405, 87036
 2406, 86993
 2407, 87016
 2408, 86988
 2409, 87015
 2410, 86986
 2411, 87007
 2412, 86971
 2413, 87029
 2414, 87009
 2415, 87004
 2416, 87025
 2417, 86991
 2418, 87017
 2419, 86978
 2420, 87009
 2421, 86995
 2422, 86988
 2423, 86979
 2424, 87031
 2425, 86960
 2426, 86986
 2427, 87000
 2428, 86963
 2429, 86978
 2430, 86986
 2431, 86944
 2432, 86981
 2433, 86963
 2434, 86998
 2435, 86941
 2436, 86985
 2437, 86966
 2438, 87002
 2439, 86952
 2440, 86999
 2441, 86992
 2442, 86991
 2443, 86940
 2444, 86973
 2445, 86967
 2446, 86952
 2447, 86956
 2448, 86961
 2449, 86945
 2450, 86956
 2451, 86934
 2452, 86943
 2453, 86910
 2454, 86951
 2455, 86960
 2456, 86977
 2457, 86916
 2458, 86918
 2459, 86923
 2460, 86920
 2461, 86946
 2462, 86930
 2463, 86912
 2464, 86924
 2465, 86945
 2466, 86926
 2467, 86944
 2468, 86923
 2469, 86925
 2470, 86899
 2471, 86903
 2472, 86908
 2473, 86907
 2474, 86894
 2475, 86927
 2476, 86915
 2477, 86928
 2478, 86873
 2479, 86907
 2480, 86898
 2481, 86911
 2482, 86907
 2483, 86902
 2484, 86892
 2485, 86937
 2486, 86919
 2487, 86917
 2488, 86889
 2489, 86891
 2490, 86891
 2491, 86892
 2492, 86887
 2493, 86888
 2494, 86884
 2495, 86897
 2496, 86889
 2497, 86906
 2498, 86890
 2499, 86893
 2500, 86882
 2501, 86893
 2502, 86869
 2503, 86901
 2504, 86854
 2505, 86869
 2506, 86860
 2507, 86902
 2508, 86875
 2509, 86860
 2510, 86865
 2511, 86853
 2512, 86877
 2513, 86850
 2514, 86875
 2515, 86871
 2516, 86848
 2517, 86862
 2518, 86880
 2519, 86843
 2520, 86874
 2521, 86869
 2522, 86907
 2523, 86845
 2524, 86871
 2525, 86864
 2526, 86836
 2527, 86858
 2528, 86889
 2529, 86832
 2530, 86843
 2531, 86817
 2532, 86858
 2533, 86817
 2534, 86869
 2535, 86819
 2536, 86878
 2537, 86814
 2538, 86838
 2539, 86843
 2540, 86828
 2541, 86815
 2542, 86838
 2543, 86799
 2544, 86816
 2545, 86851
 2546, 86809
 2547, 86822
 2548, 86788
 2549, 86832
 2550, 86801
 2551, 86787
 2552, 86809
 2553, 86794
 2554, 86819
 2555, 86825
 2556, 86810
 2557, 86774
 2558, 86815
 2559, 86775
 2560, 86808
 2561, 86790
 2562, 86795
 2563, 86764
 2564, 86784
 2565, 86783
 2566, 86808
 2567, 86768
 2568, 86808
 2569, 86751
 2570, 86824
 2571, 86780
 2572, 86813
 2573, 86718
 2574, 86822
 2575, 86772
 2576, 86808
 2577, 86769
 2578, 86781
 2579, 86759
 2580, 86780
 2581, 86742
 2582, 86790
 2583, 86750
 2584, 86797
 2585, 86757
 2586, 86766
 2587, 86736
 2588, 86761
 2589, 86741
 2590, 86777
 2591, 86741
 2592, 86785
 2593, 86752
 2594, 86798
 2595, 86775
 2596, 86760
 2597, 86735
 2598, 86785
 2599, 86719
 2600, 86769
 2601, 86740
 2602, 86763
 2603, 86739
 2604, 86778
 2605, 86713
 2606, 86759
 2607, 86725
 2608, 86749
 2609, 86711
 2610, 86767
 2611, 86692
 2612, 86720
 2613, 86725
 2614, 86728
 2615, 86725
 2616, 86744
 2617, 86707
 2618, 86741
 2619, 86700
 2620, 86724
 2621, 86724
 2622, 86730
 2623, 86707
 2624, 86738
 2625, 86713
 2626, 86714
 2627, 86718
 2628, 86726
 2629, 86688
 2630, 86726
 2631, 86703
 2632, 86678
 2633, 86720
 2634, 86710
 2635, 86676
 2636, 86727
 2637, 86686
 2638, 86693
 2639, 86703
 2640, 86701
 2641, 86710
 2642, 86654
 2643, 86679
 2644, 86669
 2645, 86700
 2646, 86663
 2647, 86715
 2648, 86644
 2649, 86692
 2650, 86669
 2651, 86682
 2652, 86639
 2653, 86667
 2654, 86670
 2655, 86648
 2656, 86669
 2657, 86690
 2658, 86682
 2659, 86671
 2660, 86673
 2661, 86699
 2662, 86638
 2663, 86678
 2664, 86647
 2665, 86668
 2666, 86676
 2667, 86681
 2668, 86648
 2669, 86679
 2670, 86618
 2671, 86651
 2672, 86630
 2673, 86666
 2674, 86651
 2675, 86669
 2676, 86620
 2677, 86633
 2678, 86648
 2679, 86647
 2680, 86634
 2681, 86614
 2682, 86645
 2683, 86597
 2684, 86617
 2685, 86636
 2686, 86616
 2687, 86614
 2688, 86642
 2689, 86625
 2690, 86615
 2691, 86644
 2692, 86644
 2693, 86638
 2694, 86608
 2695, 86623
 2696, 86631
 2697, 86640
 2698, 86615
 2699, 86602
 2700, 86614
 2701, 86595
 2702, 86618
 2703, 86638
 2704, 86600
 2705, 86566
 2706, 86625
 2707, 86587
 2708, 86590
 2709, 86596
 2710, 86598
 2711, 86574
 2712, 86637
 2713, 86573
 2714, 86598
 2715, 86604
 2716, 86614
 2717, 86567
 2718, 86569
 2719, 86588
 2720, 86617
 2721, 86543
 2722, 86581
 2723, 86558
 2724, 86571
 2725, 86579
 2726, 86590
 2727, 86597
 2728, 86534
 2729, 86572
 2730, 86575
 2731, 86595
 2732, 86562
 2733, 86576
 2734, 86545
 2735, 86622
 2736, 86574
 2737, 86566
 2738, 86561
 2739, 86601
 2740, 86567
 2741, 86547
 2742, 86559
 2743, 86566
 2744, 86534
 2745, 86580
 2746, 86528
 2747, 86562
 2748, 86543
 2749, 86556
 2750, 86509
 2751, 86553
 2752, 86497
 2753, 86582
 2754, 86550
 2755, 86566
 2756, 86536
 2757, 86555
 2758, 86516
 2759, 86541
 2760, 86517
 2761, 86547
 2762, 86557
 2763, 86554
 2764, 86528
 2765, 86533
 2766, 86517
 2767, 86517
 2768, 86492
 2769, 86505
 2770, 86490
 2771, 86556
 2772, 86500
 2773, 86532
 2774, 86486
 2775, 86526
 2776, 86479
 2777, 86531
 2778, 86478
 2779, 86525
 2780, 86467
 2781, 86500
 2782, 86493
 2783, 86523
 2784, 86494
 2785, 86495
 2786, 86506
 2787, 86520
 2788, 86499
 2789, 86495
 2790, 86479
 2791, 86486
 2792, 86475
 2793, 86524
 2794, 86489
 2795, 86491
 2796, 86479
 2797, 86484
 2798, 86497
 2799, 86485
 2800, 86495
 2801, 86499
 2802, 86432
 2803, 86476
 2804, 86441
 2805, 86482
 2806, 86480
 2807, 86483
 2808, 86474
 2809, 86483
 2810, 86462
 2811, 86489
 2812, 86475
 2813, 86451
 2814, 86467
 2815, 86446
 2816, 86436
 2817, 86452
 2818, 86449
 2819, 86457
 2820, 86464
 2821, 86441
 2822, 86428
 2823, 86486
 2824, 86432
 2825, 86450
 2826, 86420
 2827, 86424
 2828, 86419
 2829, 86437
 2830, 86412
 2831, 86450
 2832, 86450
 2833, 86439
 2834, 86427
 2835, 86415
 2836, 86430
 2837, 86433
 2838, 86403
 2839, 86421
 2840, 86406
 2841, 86428
 2842, 86404
 2843, 86411
 2844, 86412
 2845, 86428
 2846, 86418
 2847, 86406
 2848, 86420
 2849, 86411
 2850, 86421
 2851, 86420
 2852, 86384
 2853, 86436
 2854, 86398
 2855, 86379
 2856, 86389
 2857, 86381
 2858, 86397
 2859, 86409
 2860, 86418
 2861, 86388
 2862, 86375
 2863, 86358
 2864, 86397
 2865, 86369
 2866, 86370
 2867, 86386
 2868, 86386
 2869, 86337
 2870, 86405
 2871, 86368
 2872, 86383
 2873, 86367
 2874, 86391
 2875, 86359
 2876, 86361
 2877, 86345
 2878, 86361
 2879, 86367
 2880, 86373
 2881, 86369
 2882, 86374
 2883, 86326
 2884, 86356
 2885, 86352
 2886, 86363
 2887, 86365
 2888, 86368
 2889, 86348
 2890, 86395
 2891, 86364
 2892, 86349
 2893, 86336
 2894, 86344
 2895, 86338
 2896, 86357
 2897, 86327
 2898, 86340
 2899, 86308
 2900, 86348
 2901, 86311
 2902, 86359
 2903, 86304
 2904, 86362
 2905, 86353
 2906, 86304
 2907, 86362
 2908, 86300
 2909, 86327
 2910, 86302
 2911, 86342
 2912, 86296
 2913, 86336
 2914, 86343
 2915, 86334
 2916, 86284
 2917, 86316
 2918, 86318
 2919, 86296
 2920, 86320
 2921, 86305
 2922, 86286
 2923, 86309
 2924, 86303
 2925, 86330
 2926, 86298
 2927, 86315
 2928, 86325
 2929, 86299
 2930, 86293
 2931, 86309
 2932, 86279
 2933, 86281
 2934, 86265
 2935, 86293
 2936, 86269
 2937, 86295
 2938, 86312
 2939, 86316
 2940, 86276
 2941, 86290
 2942, 86261
 2943, 86303
 2944, 86248
 2945, 86272
 2946, 86248
 2947, 86273
 2948, 86249
 2949, 86279
 2950, 86263
 2951, 86259
 2952, 86282
 2953, 86255
 2954, 86248
 2955, 86231
 2956, 86238
 2957, 86244
 2958, 86262
 2959, 86283
 2960, 86276
 2961, 86251
 2962, 86258
 2963, 86238
 2964, 86232
 2965, 86243
 2966, 86249
 2967, 86243
 2968, 86246
 2969, 86264
 2970, 86243
 2971, 86250
 2972, 86256
 2973, 86234
 2974, 86216
 2975, 86236
 2976, 86256
 2977, 86240
 2978, 86266
 2979, 86228
 2980, 86238
 2981, 86223
 2982, 86198
 2983, 86197
 2984, 86218
 2985, 86241
 2986, 86231
 2987, 86235
 2988, 86239
 2989, 86208
 2990, 86235
 2991, 86237
 2992, 86199
 2993, 86238
 2994, 86191
 2995, 86220
 2996, 86163
 2997, 86240
 2998, 86215
 2999, 86241
 3000, 86207
 3001, 86205
 3002, 86193
 3003, 86196
 3004, 86170
 3005, 86209
 3006, 86204
 3007, 86211
 3008, 86169
 3009, 86188
 3010, 86196
 3011, 86188
 3012, 86196
 3013, 86203
 3014, 86133
 3015, 86185
 3016, 86156
 3017, 86207
 3018, 86193
 3019, 86179
 3020, 86160
 3021, 86192
 3022, 86179
 3023, 86158
 3024, 86170
 3025, 86204
 3026, 86137
 3027, 86183
 3028, 86140
 3029, 86188
 3030, 86146
 3031, 86201
 3032, 86130
 3033, 86151
 3034, 86127
 3035, 86169
 3036, 86174
 3037, 86185
 3038, 86148
 3039, 86168
 3040, 86144
 3041, 86168
 3042, 86116
 3043, 86156
 3044, 86130
 3045, 86134
 3046, 86123
 3047, 86147
 3048, 86141
 3049, 86166
 3050, 86140
 3051, 86145
 3052, 86126
 3053, 86175
 3054, 86114
 3055, 86130
 3056, 86141
 3057, 86142
 3058, 86108
 3059, 86119
 3060, 86075
 3061, 86119
 3062, 86126
 3063, 86134
 3064, 86102
 3065, 86119
 3066, 86111
 3067, 86125
 3068, 86085
 3069, 86138
 3070, 86087
 3071, 86117
 3072, 86106
 3073, 86106
 3074, 86074
 3075, 86121
 3076, 86104
 3077, 86117
 3078, 86091
 3079, 86067
 3080, 86090
 3081, 86089
 3082, 86097
 3083, 86066
 3084, 86117
 3085, 86074
 3086, 86116
 3087, 86090
 3088, 86067
 3089, 86074
 3090, 86104
 3091, 86087
 3092, 86054
 3093, 86042
 3094, 86101
 3095, 86052
 3096, 86086
 3097, 86042
 3098, 86055
 3099, 86058
 3100, 86107
 3101, 86063
 3102, 86057
 3103, 86057
 3104, 86061
 3105, 86076
 3106, 86091
 3107, 86014
 3108, 86043
 3109, 86014
 3110, 86064
 3111, 86043
 3112, 86077
 3113, 86017
 3114, 86054
 3115, 86032
 3116, 86065
 3117, 86044
 3118, 86048
 3119, 86033
 3120, 86050
 3121, 86005
 3122, 86021
 3123, 86056
 3124, 86044
 3125, 86066
 3126, 86032
 3127, 86017
 3128, 86044
 3129, 86065
 3130, 86029
 3131, 86046
 3132, 86041
 3133, 86028
 3134, 86008
 3135, 86051
 3136, 86019
 3137, 86039
 3138, 86021
 3139, 86006
 3140, 86041
 3141, 85990
 3142, 86018
 3143, 86041
 3144, 86005
 3145, 86004
 3146, 86007
 3147, 85995
 3148, 85997
 3149, 86022
 3150, 85984
 3151, 86008
 3152, 85988
 3153, 85986
 3154, 85998
 3155, 85997
 3156, 85970
 3157, 85988
 3158, 85984
 3159, 85977
 3160, 85983
 3161, 85988
 3162, 85963
 3163, 85976
 3164, 85968
 3165, 85975
 3166, 86014
 3167, 85938
 3168, 85960
 3169, 85963
 3170, 85965
 3171, 85946
 3172, 85994
 3173, 85956
 3174, 85987
 3175, 85956
 3176, 85985
 3177, 85967
 3178, 85994
 3179, 85938
 3180, 85987
 3181, 85956
 3182, 85989
 3183, 85945
 3184, 85975
 3185, 85930
 3186, 85971
 3187, 85941
 3188, 85957
 3189, 85933
 3190, 85983
 3191, 85920
 3192, 85955
 3193, 85948
 3194, 85983
 3195, 85938
 3196, 85942
 3197, 85903
 3198, 85943
 3199, 85917
 3200, 85957
 3201, 85900
 3202, 85938
 3203, 85919
 3204, 85940
 3205, 85898
 3206, 85921
 3207, 85918
 3208, 85910
 3209, 85895
 3210, 85948
 3211, 85914
 3212, 85945
 3213, 85906
 3214, 85937
 3215, 85899
 3216, 85926
 3217, 85893
 3218, 85915
 3219, 85907
 3220, 85928
 3221, 85903
 3222, 85924
 3223, 85914
 3224, 85918
 3225, 85863
 3226, 85881
 3227, 85885
 3228, 85919
 3229, 85895
 3230, 85926
 3231, 85874
 3232, 85895
